---------------------------
28
130.418 60.8148
91.4597 54.9546
90.9956 56.8603
86.6457 62.9518
82.7386 62.348
78.4917 63.5614
77.2173 64.793
76.2257 66.262
73.3548 68.4044
71.3585 68.9101
65.7147 68.0495
62.1622 69.0382
60.2918 69.3578
57.4009 68.4078
53.8088 68.8721
51.9968 69.0021
50.0205 68.8473
47.0281 69.7221
44.6604 68.771
41.9696 67.1654
38.85 67.2902
37.1364 66.9959
35.6329 67.0157
34.4125 67.5383
32.4993 69.6951
31.7255 71.2565
33.4524 82.7975
11.3728 71.8049
---------------------------
43
-1.23912 70.9892
-2.47786 70.9567
131.551 58.5701
71.2972 48.0906
65.1687 49.1081
61.78 48.2679
59.2152 49.6875
55.924 48.614
54.7698 49.3149
52.6575 49.1039
51.4067 51.4067
49.3207 51.0731
48.0127 51.4873
44.8088 51.5467
43.5167 51.8612
41.2205 50.9031
39.5392 52.4704
38.3236 52.7479
36.9383 52.7534
35.5087 52.6439
33.5969 53.7663
31.8294 52.9729
29.6219 53.4393
28.2622 53.1534
27.5118 53.995
26.1708 53.658
24.2822 54.5387
23.1704 54.5859
22.1392 54.7966
21.2512 55.3613
19.1503 62.638
18.9087 65.9426
17.6603 70.8316
16.3539 70.8367
15.4478 72.6764
13.7573 70.7753
10.9661 69.237
9.54727 67.9324
8.70147 70.8678
7.30654 69.5171
6.18806 70.7298
3.58501 68.4061
2.429 69.5576
---------------------------
41
-1.16233 66.5899
-2.33129 66.7593
55.2318 46.345
53.8108 46.777
50.8291 47.3989
48.4835 46.82
47.2347 47.2347
45.6391 47.2606
43.0251 47.7842
41.8566 48.1505
40.5599 48.3374
38.2326 48.9355
36.8913 48.9564
35.3847 48.7028
33.3838 49.4935
32.2971 49.7332
30.8943 49.4412
29.05 50.3161
27.9735 50.4656
26.9007 50.5929
25.7867 50.6092
23.9625 51.3877
22.9806 51.6153
22.0763 52.0085
20.212 52.6539
19.2899 52.9987
18.5248 53.8
17.8303 54.876
16.235 56.6183
15.4515 57.6658
15.1443 60.7405
14.8468 64.3084
14.0756 66.2206
12.2769 69.6259
11.1068 70.1259
9.75603 69.4178
8.17743 66.5998
6.9825 66.4341
4.58998 65.6397
3.428 65.4102
2.29639 65.7599
---------------------------
43
-1.15709 66.2899
91.674 57.2843
79.2939 55.5222
77.342 56.1923
74.2731 55.9688
52.7633 47.5083
51.7067 48.2173
49.5625 47.862
47.659 47.659
44.8073 48.0499
43.4266 48.2301
41.7254 47.9995
39.7101 49.0379
38.2326 48.9355
36.6505 48.6369
34.2425 48.9034
33.3838 49.4935
31.9703 49.23
29.9237 49.8014
28.95 50.1429
27.9735 50.4656
26.1045 51.2329
25.1187 51.5009
24.047 51.5689
23.062 51.798
21.39 52.9422
20.5345 53.4942
19.7346 54.2203
19.1109 55.5019
17.2792 56.5176
16.3453 57.0028
15.555 58.0521
15.1443 60.7405
13.4311 63.1883
12.5552 64.5911
11.756 66.6715
11.0599 69.8296
10.0205 71.2993
7.23337 68.8209
5.97888 68.339
4.72251 67.5351
3.51174 67.008
1.17106 67.0898
---------------------------
42
-0 70.2
79.7854 55.8663
78.151 56.7801
74.073 57.8722
55.6221 48.3516
55.8102 50.2517
53.3888 49.7859
50.2046 50.2046
47.4452 49.1309
46.3759 49.7321
43.1031 49.5844
41.7169 49.7163
40.3394 49.8151
38.0949 50.5536
36.3251 49.9972
35.0455 50.0502
33.0051 50.8234
31.5302 50.4589
30.5418 50.83
28.7007 51.7775
27.2763 51.2993
26.3768 51.7675
25.3817 52.0402
23.5501 52.8943
22.7015 53.4813
21.6897 53.6839
20.7495 54.0543
19.176 55.691
18.2629 56.2074
17.5131 57.2827
16.8414 58.7331
15.3137 61.4197
14.4868 62.7494
13.6182 64.0687
13.1467 67.6341
10.9661 69.237
10.1596 72.2896
7.46333 71.0089
6.36237 72.7222
5.0713 72.5229
2.46041 70.4571
1.25832 72.089
---------------------------
36
78.7983 57.2503
77.3079 58.2557
75.8066 59.2266
72.3146 60.6792
68.1503 59.2421
62.5307 58.3109
59.1848 59.1848
57.3093 59.3455
45.9897 52.9051
42.9382 51.1718
40.1411 51.3783
38.7569 51.4321
37.3831 51.4535
35.1732 52.1465
33.6587 51.8298
31.8481 50.9677
30.3 52.4811
29.0401 52.3897
27.8397 52.3588
26.9216 52.8367
25.0613 53.7441
24.1195 54.1732
23.1704 54.5859
21.2512 55.3613
20.4186 56.0997
19.5666 56.8257
18.7264 57.634
17.1171 59.6944
16.2538 60.6601
15.6282 62.6811
14.9143 64.6007
13.1849 67.8304
12.2422 69.4289
11.3259 71.5086
9.1402 74.441
7.77692 73.9924
---------------------------
31
94.0988 61.1085
70.1125 60.9479
65.0173 60.6297
62.2229 60.088
60.7405 60.7405
58.1429 60.2087
54.8018 60.8636
51.8943 59.6975
49.087 60.6174
40.5623 53.828
37.3972 53.4087
35.9561 53.3071
34.5846 53.2556
30.9 53.5204
29.5249 53.2643
27.194 53.3713
26.0831 53.4782
25.1458 53.9253
24.3635 54.7214
22.4389 55.5383
21.5737 56.2015
20.658 56.7574
19.0972 58.7753
18.3609 60.0559
17.5305 61.1362
16.6421 62.109
15.9185 63.8455
14.2627 67.1009
13.4902 69.401
12.7284 72.1864
12.0298 75.9532
---------------------------
30
80.2545 58.3083
75.2277 60.9182
69.0382 62.1622
66.0412 61.5845
63.158 60.991
61.3769 61.3769
56.3331 60.4098
55.404 61.5324
51.6975 59.4711
49.087 60.6174
47.5906 60.9132
46.4601 61.6547
43.0756 61.5183
34.5507 55.2927
33.426 55.6302
32.05 55.5122
29.9612 54.0515
27.0913 55.5455
26.0333 55.8286
23.8737 56.2428
22.6262 56.0019
22.0755 57.5086
21.3079 58.5429
19.6226 60.3921
18.6533 61.0122
17.8889 62.3859
16.9526 63.2681
15.0267 65.0879
14.5746 68.5681
12.8673 72.9743
---------------------------
31
78.1707 61.0736
76.1603 61.6734
73.2338 61.4505
69.0382 62.1622
67.2114 62.6757
62.5826 60.4353
62.084 62.084
56.0062 62.2012
53.7312 61.8107
49.1499 60.6951
48.2063 61.7012
46.3398 61.4949
36.739 54.4678
35.6739 54.9329
33.0139 54.9444
31.9 55.2524
30.446 54.9261
28.0566 55.0642
27.0037 55.3657
26.0333 55.8286
25.1363 56.4571
23.1507 57.3
22.1471 57.6953
21.4105 58.8248
19.5608 60.2019
18.7995 61.4904
17.8889 62.3859
15.9668 64.0395
15.2967 66.2572
14.8241 69.7419
14.0435 72.2478
---------------------------
34
127.503 64.966
78.6435 61.443
76.5489 61.9881
73.6169 61.7719
69.484 62.5637
67.1383 62.6075
60.7131 62.8703
58.0381 62.2382
56.2739 62.4985
44.493 54.9442
41.4651 55.026
39.2641 54.0423
37.684 53.8183
36.4035 53.9703
33.9678 54.3599
32.8594 54.6873
31.65 54.8194
29.295 55.0959
28.0566 55.0642
27.0037 55.3657
24.933 56.0003
24.069 56.7031
23.1507 57.3
22.0755 57.5086
20.2178 58.7167
19.499 60.0117
18.741 61.2991
17.8337 62.1936
17.0044 63.4613
15.2292 65.9649
14.6994 69.155
13.681 70.3827
12.7458 72.2849
10.8137 76.9438
---------------------------
32
78.1707 61.0736
76.0826 61.6105
55.3172 53.4192
53.9522 53.9523
50.7795 52.5837
48.1774 53.5064
46.5802 53.5844
44.6737 53.2401
41.865 53.5847
40.2012 53.3489
38.6763 53.2333
36.4594 54.0532
35.3471 54.4297
33.8088 54.1055
32.6019 54.2587
30.446 54.9261
29.1542 54.831
28.0566 55.0642
25.9065 55.5567
25.0143 56.183
23.9518 56.4269
22.9634 56.8364
20.9658 57.6032
20.1201 58.433
19.2827 59.3459
17.4478 60.8479
16.6679 62.2056
15.8943 63.7484
15.0942 65.3802
13.2612 68.2231
12.5027 70.9062
10.8555 77.2409
---------------------------
38
94.8536 61.5987
86.2412 62.6579
78.6435 61.443
75.694 61.2958
57.4451 51.7238
55.5097 51.7637
51.4067 51.4067
50.0154 51.7925
48.4219 51.9261
46.9061 52.0945
44.6737 53.2401
43.1084 53.2345
41.4956 53.1119
39.0877 53.7996
37.856 54.064
36.2916 53.8045
34.2328 54.7839
32.8594 54.6873
31.65 54.8194
30.446 54.9261
28.4198 55.777
27.2228 55.8151
26.1178 56.0098
24.069 56.7031
22.8885 56.6509
21.968 57.2285
19.9573 57.9603
19.0354 58.5851
18.0978 59.1953
17.31 60.3672
15.4346 61.9049
14.7343 63.8212
14.0756 66.2206
13.681 70.3827
12.85 72.8758
10.7442 76.4487
9.6033 78.2126
6.97246 79.6956
---------------------------
38
65.7201 51.3462
64.6585 52.3595
59.773 51.9599
57.7424 51.9914
55.9486 52.1729
53.3159 53.3159
50.9185 52.7276
49.1039 52.6575
46.3834 53.358
45.5094 54.236
43.7378 54.0116
41.4651 55.026
40.1457 55.2559
38.8311 55.4566
36.9067 54.7165
35.0807 56.1408
33.5805 55.8873
32.45 56.2051
30.187 56.7735
28.9646 56.8462
27.8804 57.1633
25.8278 58.0101
24.6551 58.0839
23.7126 58.6907
22.6847 59.0956
20.7712 60.3241
19.6535 60.4872
18.8872 61.7773
17.2891 64.5238
16.9587 68.0177
16.5564 71.7136
15.6142 73.4589
14.7305 75.7816
12.0767 76.2495
10.6467 75.7555
9.46925 77.1208
8.08005 76.8765
6.97246 79.6956
---------------------------
36
74.8705 52.4249
71.1126 51.6663
69.0021 51.9968
70.2272 63.2328
66.467 64.1864
64.5589 64.5589
61.0605 63.23
58.482 64.9509
56.093 64.5277
54.4441 64.884
51.2846 65.6413
49.6497 65.8874
47.7869 65.7731
44.4558 65.9085
42.8631 66.0034
40.9628 65.5541
39.0914 65.059
35.2941 63.6723
33.8489 63.6605
32.5511 63.8852
29.8791 64.076
28.2682 63.4914
27.3903 64.5274
25.4441 66.2842
24.6255 67.6579
24.1897 70.252
23.3308 71.8048
21.8305 76.1319
15.6273 80.3953
13.6835 77.6029
12.0924 76.3483
9.4205 76.7238
8.04869 76.5782
5.42008 77.5107
4.02987 76.8945
2.71169 77.6527
---------------------------
29
93.0111 53.7
88.2818 55.1646
84.538 54.8996
86.8002 58.5475
78.4143 68.1645
76.7669 69.1212
75.11 70.0412
72.6533 70.1605
70.0216 72.5095
66.4266 71.2339
63.5674 70.5988
60.1006 71.6252
58.1492 71.8083
56.2099 71.9454
52.1953 71.8407
50.6468 72.3311
48.8175 72.375
46.839 72.1257
43.8297 72.9449
41.3 71.5337
39.9968 72.1561
37.7858 84.8684
12.8276 80.9904
10.7581 76.5477
9.29863 75.7313
7.81873 74.3902
6.51925 74.5154
3.9095 74.5976
2.63491 75.454
