---------------------------
20
89.6868 67.5838
86.6812 67.7228
84.4758 68.4071
79.4709 69.083
76.6925 69.0543
75.5488 70.4504
72.2663 72.2663
69.4658 71.934
67.8588 72.7697
58.6517 67.471
55.4726 66.1096
53.3034 65.8243
50.7932 67.4048
49.3152 67.8765
48.4099 69.1364
47.3636 70.2195
45.3081 72.5081
45.0143 74.9164
46.6 80.7136
45.6206 82.3017
---------------------------
28
102.905 66.8272
97.1514 68.0262
89.2346 64.8327
85.1345 64.1535
80.9009 65.5123
80.1283 67.2356
77.9615 67.7709
72.1115 67.245
70.9269 68.4933
69.0136 69.0136
58.3109 62.5307
55.404 61.5324
53.6 61.6598
51.4784 63.5705
50.5458 64.6957
49.7701 66.0472
48.0083 68.563
47.4755 70.3853
49.2354 75.8158
47.7457 76.4091
44.9 77.7691
43.0511 77.6662
42.2994 79.5536
41.0407 80.547
40.4868 86.8243
41.1211 92.3594
35.4003 87.6189
29.1058 84.5294
---------------------------
35
108.805 67.9886
102.066 66.2826
96.4171 65.0341
88.5065 64.3037
85.0547 64.0933
82.1107 64.1519
79.3622 66.5928
77.886 67.7053
74.1659 66.7792
71.7182 69.2574
68.2358 68.2358
59.1154 61.2158
54.8018 60.8636
53.4032 61.4334
52.4515 62.5092
52.0448 64.27
49.8905 66.2069
49.3152 67.8765
50.4174 72.0035
47.8193 73.6353
47.2158 75.5611
44.8598 74.6593
43.5 75.3442
40.4684 76.1101
39.6788 77.874
38.5328 79.004
36.1182 81.1228
37.432 88.1844
40.6823 100.692
31.3214 81.5949
19.9586 80.0494
18.2885 79.2163
15.5128 79.8063
14.2392 80.7542
11.3148 80.5088
---------------------------
42
110.06 66.1309
102.234 66.3915
96.4171 65.0341
90.1067 63.0934
85.0547 64.0933
81.7955 63.9057
80.2792 65.0088
79.1324 66.4
73.6457 66.3108
71.4533 66.6312
64.8417 64.8417
58.4902 60.5684
55.7193 59.7516
53.0096 60.9805
51.9372 61.8964
51.6043 63.726
51.5309 65.9565
50.0205 68.8473
50.0732 71.512
48.4261 71.7947
47.3291 72.8805
44.2418 73.6307
42.75 74.0452
41.0634 74.0803
38.6346 75.8247
37.5684 77.0266
36.641 78.5769
35.7115 80.2093
32.9279 81.4995
30.4971 79.4477
28.9007 79.404
29.0167 89.3042
28.3308 92.6659
22.1612 77.2854
19.2328 77.1385
17.7036 76.6829
16.1547 76.0021
15.1884 78.1375
12.4522 78.62
11.1895 79.6176
8.52952 81.153
7.30365 83.4811
---------------------------
43
124.101 71.65
109.975 66.0794
101.311 65.7924
93.018 62.7414
88.9599 62.2904
84.1762 63.4313
81.5591 63.721
80.2015 64.9459
77.2823 67.1805
73.1998 65.9094
71.2338 66.4266
62.5082 62.5082
57.0315 59.0578
55.0373 59.0202
52.6815 60.6032
51.6158 61.5134
51.3525 63.4151
51.5309 65.9565
51.0785 70.3036
49.2702 70.3652
48.0347 71.2143
45.0961 72.1689
43.6752 72.6878
41.9 72.5729
40.4816 73.0307
37.5904 73.7753
37.13 76.1279
36.1339 77.4893
33.4466 78.7952
32.0663 79.3669
30.0312 78.234
27.2501 79.1399
27.9351 85.9755
23.0097 75.2612
21.61 75.3629
18.9667 76.0712
17.3887 75.3188
15.5518 73.1654
13.232 75.0424
11.0086 78.3302
9.7008 79.0067
7.0509 80.5922
5.75491 82.299
---------------------------
42
109.203 65.6159
100.724 65.4111
91.9403 62.0145
87.9769 61.6021
84.4956 63.672
81.4015 63.5978
80.046 64.82
78.2897 65.6929
72.8282 65.5748
71.0144 66.222
59.4677 59.4677
56.6147 58.6262
54.7645 58.7277
52.6159 60.5277
51.5516 61.4368
51.4155 63.4928
51.4077 65.7989
50.4908 69.4946
49.0981 70.1194
47.5873 70.5511
44.9372 71.9145
43.3662 72.1735
41.6 72.0533
38.6845 72.7549
37.3634 73.3298
36.867 75.5886
35.5422 76.2205
33.2512 78.335
31.879 78.9033
29.7804 77.5805
28.4561 78.1824
26.5446 81.6958
22.805 74.5918
21.3895 74.5939
18.7248 75.1009
17.2313 74.6367
15.4063 72.4807
13.1104 74.353
10.8137 76.9438
9.518 77.5179
6.9376 79.2971
5.6712 81.102
---------------------------
44
123.149 71.1
109.975 66.0794
101.935 63.6963
91.9403 62.0145
88.3865 61.8889
85.5131 62.1289
81.4015 63.5978
80.2015 64.9459
78.2897 65.6929
72.7539 65.5079
71.0144 66.222
60.4965 58.4208
56.4063 58.4104
54.6281 58.5814
53.3297 59.2286
51.3587 61.207
51.1637 63.182
51.1615 65.4837
51.9968 69.0021
49.0408 70.0375
47.5873 70.5511
46.1309 71.0354
43.2632 72.0021
41.25 71.4471
39.7544 71.7188
38.5436 72.49
36.6478 75.1392
35.4577 76.0392
34.2879 77.0119
31.5793 78.1616
29.6012 77.1137
28.2167 77.5246
27.8686 80.9364
22.7173 74.3049
21.3068 74.3055
19.8255 73.9899
17.1413 74.247
15.3023 71.9917
14.2534 73.3275
12.0924 76.3483
10.7581 76.5477
9.46925 77.1208
6.86787 78.5001
5.60842 80.2042
---------------------------
44
127.607 70.7337
110.746 66.5429
102.529 64.0672
93.1009 62.7974
88.9599 62.2904
85.1086 61.835
82.5789 62.2277
79.9683 64.7571
78.1365 65.5643
74.4144 64.6874
70.9413 66.1538
61.7913 59.6712
56.4063 58.4104
54.3553 58.2889
53.129 59.0057
52.2879 60.1504
51.1637 63.182
50.6689 64.8533
51.9968 69.0021
50.2556 69.171
47.8669 70.9656
46.3488 71.3709
44.5662 71.3208
41.25 71.4471
39.9968 72.1561
38.5436 72.49
36.4725 74.7797
35.9648 77.1268
34.2472 76.9205
32.8605 77.4145
29.6012 77.1137
28.1141 77.2427
29.0732 84.4348
22.7173 74.3049
21.2241 74.0172
19.8255 73.9899
18.2651 73.2573
15.3023 71.9917
14.1771 72.9349
13.1104 74.353
10.7581 76.5477
9.38394 76.4261
8.19503 77.9705
5.58052 79.8051
---------------------------
44
128.744 71.364
112.583 65
103.292 64.5442
97.4535 63.2871
89.6152 62.7493
86.3221 62.7167
82.499 62.1675
79.9683 64.7571
78.2131 65.6286
74.037 64.3594
71.9364 64.7718
61.2158 59.1154
57.6999 57.6999
54.3553 58.2889
53.0621 58.9314
52.2879 60.1504
51.6801 61.59
50.4227 64.5381
51.2145 67.9639
50.2556 69.171
47.2518 70.0537
46.4032 71.4547
44.5132 71.236
42.4906 70.7163
39.8029 71.8063
38.6845 72.7549
37.6812 73.9535
35.7958 76.7643
34.0439 76.4638
33.0949 77.9668
30.7927 76.2145
28.0114 76.9608
28.5849 83.0165
24.0106 73.8971
21.2241 74.0172
19.722 73.6035
18.2651 73.2573
15.2399 71.6982
14.1008 72.5423
13.1104 74.353
11.936 75.3606
9.33519 76.029
8.12186 77.2743
6.90273 78.8986
---------------------------
46
129.619 71.8488
112.93 65.2
104.055 65.0211
98.0406 63.6683
91.1112 61.4553
85.9985 62.4816
82.5789 62.2277
80.8499 63.1669
78.4429 65.8215
74.2634 64.5562
71.7135 64.5711
61.2877 59.1849
57.4171 57.4171
55.5032 57.4753
52.9951 58.8571
51.8943 59.6975
51.423 61.2836
50.0533 64.0653
50.733 67.325
50.3144 69.2519
48.4672 69.2183
45.9131 70.6999
44.3013 70.8968
42.5936 70.8877
40.95 70.9275
38.4967 72.4017
37.4542 73.508
36.7793 75.4088
33.9625 76.281
32.8214 77.3224
30.8301 76.3072
29.3503 76.4602
28.1291 81.6928
23.887 73.5167
22.3957 73.2529
19.5408 72.9274
18.0716 72.4811
16.4214 71.129
13.9863 71.9533
12.9715 73.5651
11.936 75.3606
10.5632 75.1613
9.24988 75.3343
8.0696 76.7771
6.85916 78.4005
5.6433 80.7029
---------------------------
43
113.709 65.65
106.889 64.2253
98.7954 64.1585
90.7796 61.2316
86.5844 60.627
82.499 62.1675
80.6923 63.0437
79.5798 64.4424
74.037 64.3594
71.8621 64.7049
62.7501 58.5155
57.4878 57.4878
55.4337 57.4033
53.8779 57.7769
51.8287 59.6221
51.6801 61.59
51.6043 63.726
51.2846 65.6413
50.0205 68.8473
48.3525 69.0545
47.084 69.805
45.5863 70.1967
42.5421 70.802
40.85 70.7543
39.5605 71.369
37.1818 72.9734
36.6478 75.1392
35.1196 75.3142
34.4506 77.3773
30.6428 75.8436
29.2428 76.1802
28.1483 77.3367
26.2046 80.6496
22.308 72.9661
20.8106 72.5753
17.9748 72.093
16.9838 73.5649
15.2399 71.6982
12.9021 73.1712
10.4658 74.4682
8.00688 76.1804
6.79815 77.7032
5.58052 79.8051
---------------------------
43
116.48 67.25
107.66 64.6888
101.172 63.2194
91.277 61.5671
86.9939 60.9138
84.0569 61.0709
80.4559 62.859
79.3466 64.2536
75.9916 63.7645
72.1594 64.9726
70.795 66.0174
58.9859 56.962
55.5032 57.4753
53.8097 57.7038
52.6606 58.4855
50.9731 60.7473
51.3525 63.4151
50.9152 65.1685
51.2145 67.9639
48.5246 69.3003
47.084 69.805
45.6408 70.2806
42.6967 71.0592
40.75 70.5811
39.415 71.1066
38.1211 71.6953
36.4725 74.7797
34.9505 74.9517
34.0439 76.4638
32.04 75.4814
29.2428 76.1802
28.0457 77.0548
27.6082 80.18
22.2787 72.8704
21.0036 73.2481
19.4373 72.541
16.7364 72.4931
15.1983 71.5026
14.1008 72.5423
10.5632 75.1613
9.28644 75.632
6.73714 77.0059
5.51774 78.9073
---------------------------
44
123.234 68.3097
110.06 66.1309
102.444 64.0143
92.2538 59.9103
87.895 61.5448
85.1895 61.8938
82.2595 61.9869
79.4243 64.3165
77.6769 65.1787
73.1314 63.5721
71.7135 64.5711
59.5613 57.5177
56.4978 56.4978
53.7415 57.6307
52.5268 58.3369
51.5006 59.2447
51.423 61.2836
50.6074 64.7745
50.9737 67.6444
49.5503 68.2001
46.8604 69.4734
45.9131 70.6999
44.0363 70.4728
42.0271 69.9448
39.415 71.1066
37.9333 71.3422
37.318 73.2407
35.0351 75.1329
33.6371 75.5502
32.2353 75.9417
30.5679 75.6582
27.7036 76.1151
27.5756 80.0854
23.578 72.5656
21.0311 73.3443
19.5408 72.9274
18.0716 72.4811
15.1776 71.4048
14.1008 72.5423
12.9194 73.2697
11.8734 74.9655
9.24988 75.3343
8.03824 76.4787
5.49681 78.608
---------------------------
45
114.402 66.05
106.032 63.7102
97.4535 63.2871
90.6967 61.1757
86.6663 60.6844
82.3393 62.0471
80.3771 62.7975
79.4243 64.3165
73.6597 64.0314
71.6392 64.5042
62.8233 58.5837
56.7807 56.7807
54.7391 56.684
53.4687 57.3381
51.5006 59.2447
50.6517 60.3643
51.2267 63.2597
52.6391 67.3749
49.0213 67.472
47.8363 68.3173
46.0775 68.3127
45.0961 69.4419
41.9756 69.8591
40.4 69.9749
38.9302 70.232
36.6824 71.9933
36.2971 74.4202
34.6547 74.3172
33.9218 76.1897
30.5679 75.6582
28.9561 75.4333
27.9088 76.6789
23.6398 72.7558
22.191 72.5835
20.5074 71.5179
17.878 71.7049
16.7139 72.3957
15.3023 71.9917
14.1771 72.9349
11.4823 72.4963
10.3962 73.973
9.24988 75.3343
7.96507 75.7826
6.772 77.4043
5.46891 78.209
---------------------------
43
117.636 65.2069
108.346 65.1008
100.578 62.8484
91.277 61.5671
86.5025 60.5697
83.976 61.0121
81.3011 61.2648
79.3466 64.2536
76.4512 64.1502
72.6031 63.1129
62.8964 58.6519
58.1946 56.1979
54.9475 56.8998
53.4005 57.265
52.3929 58.1882
51.5662 59.3202
51.1637 63.182
52.6391 67.3749
49.8905 66.2069
49.0213 67.472
46.0775 68.3127
44.6604 68.771
43.4004 69.4551
40.3 69.8016
38.7363 69.8821
37.6986 70.9007
36.1656 74.1505
34.5279 74.0453
33.4338 75.0934
31.8837 75.1132
28.992 75.5267
27.6352 75.9272
27.3152 79.329
22.191 72.5835
20.8106 72.5753
19.4373 72.541
17.9748 72.093
15.2399 71.6982
14.1771 72.9349
10.4519 74.3691
9.20114 74.9372
8.03824 76.4787
5.48983 78.5083
---------------------------
41
101.766 63.5903
92.2538 59.9103
88.4583 59.6659
84.0569 61.0709
81.3011 61.2648
80.2195 62.6743
76.5278 64.2145
72.5276 63.0473
71.3419 64.2365
58.4823 56.4757
55.5079 55.5079
54.4612 56.3962
52.3929 58.1882
51.6318 59.3956
51.6158 61.5134
52.5483 64.8917
49.8905 66.2069
48.4335 66.663
47.0333 67.1705
43.8979 67.5968
43.4004 69.4551
41.4606 69.002
38.5424 69.5323
37.276 70.106
36.9094 72.4388
35.6834 73.1618
33.2711 74.728
31.7274 74.745
30.5679 75.6582
28.8128 75.0599
27.5756 80.0854
23.4544 72.1852
20.8106 72.5753
19.4373 72.541
17.9748 72.093
16.4214 71.129
14.1771 72.9349
11.7639 74.2742
9.10364 74.1432
7.97552 75.882
6.73714 77.0059
---------------------------
46
123.584 68.5036
112.67 65.05
102.614 64.1202
92.2538 59.9103
89.0386 60.0573
84.2996 61.2472
81.2212 61.2046
79.8255 62.3665
76.6044 64.2788
72.8295 63.3097
70.9703 63.902
58.1946 56.1979
55.5079 55.5079
54.3918 56.3243
52.5937 58.4112
51.9599 59.773
51.2302 61.0537
51.9819 64.1923
49.6497 65.8874
48.1984 66.3394
46.8612 66.9247
44.9591 66.6546
43.2414 69.2007
41.3576 68.8305
39.45 68.3294
37.1821 69.9294
36.4554 71.5478
35.5957 72.9821
33.149 74.454
31.7664 74.8371
30.3057 75.0092
28.8486 75.1532
26.8268 77.9107
23.4544 72.1852
22.0741 72.201
19.3338 72.1547
17.9748 72.093
16.6239 72.006
14.1771 72.9349
13.1104 74.353
11.4197 72.1012
10.4101 74.0721
9.06708 73.8454
7.93371 75.4842
6.73714 77.0059
5.49681 78.608
---------------------------
45
125.82 66.8997
113.623 65.6
105.089 63.1437
98.628 61.6296
90.1993 60.8402
85.6833 59.9961
81.3011 61.2648
79.7467 62.3049
77.7923 62.995
72.8295 63.3097
71.0446 63.9689
59.4591 55.4465
55.72 55.72
54.5307 56.4682
53.6051 57.4844
51.8943 59.6975
51.1016 60.9005
51.4784 63.5705
51.0383 65.3261
47.7869 65.7731
45.1978 64.5492
44.7354 66.323
43.5711 67.0936
41.5121 69.0877
39.7 68.7624
38.106 68.7451
37.4169 70.3709
35.1574 72.0833
34.2321 73.4109
33.149 74.454
30.0434 74.3601
28.9561 75.4333
27.6694 76.0211
23.5471 72.4705
22.191 72.5835
20.7004 72.1908
17.878 71.7049
16.8938 73.1752
15.4686 72.7742
14.2725 73.4257
11.8734 74.9655
10.4101 74.0721
7.86054 74.788
6.67613 76.3085
5.48983 78.5083
---------------------------
43
116.674 64.6736
106.974 64.2768
99.9849 62.4775
91.7506 59.5835
86.4205 60.5123
83.5715 60.7182
80.5823 60.7231
78.8026 63.8131
74.6127 62.6075
72.1502 62.7192
60.2635 56.1967
56.612 54.6696
56.0029 56.0029
53.6733 57.5575
52.9951 58.8571
52.2879 60.1504
52.3229 62.356
51.8387 66.3505
48.6868 64.6096
46.0824 63.4269
44.5118 65.9914
43.3533 66.7582
43.0294 68.8615
39.95 69.1954
38.0576 68.6576
36.9944 69.5763
34.8505 71.4541
34.063 73.0484
33.027 74.1799
31.4148 74.0086
28.8486 75.1532
27.3616 75.1754
27.1524 78.8563
22.0741 72.201
20.5901 71.8062
18.9973 70.899
17.9748 72.093
15.3855 72.3829
13.041 73.9591
10.4519 74.3691
9.11583 74.2425
6.64127 75.91
5.441 77.81
---------------------------
44
123.321 68.3582
111.977 64.65
104.317 62.6801
92.9247 60.346
88.9557 60.0014
85.3556 59.7667
80.9816 61.024
79.5891 62.1818
78.1032 63.2467
72.5276 63.0473
70.7474 63.7012
56.8998 54.9475
56.0029 56.0029
54.1834 56.1085
52.3929 58.1882
51.6975 59.4711
51.2945 61.1303
52.1077 64.3477
49.1683 65.2485
47.0228 64.7214
44.911 64.1396
44.3999 65.8256
42.1286 67.4198
41.1515 68.4877
39.35 68.1562
37.9121 68.3953
36.1376 70.9241
35.245 72.263
34.063 73.0484
31.6492 74.5609
30.1558 74.6383
28.5619 74.4064
27.8062 76.397
23.3308 71.8048
22.0741 72.201
20.5901 71.8062
17.878 71.7049
16.4889 71.4213
15.4478 72.6764
14.3488 73.8184
10.3406 73.5769
9.05489 73.7462
7.8919 75.0864
6.70228 76.6074
---------------------------
44
119.211 66.0796
110.332 63.7
100.578 62.8484
92.2538 59.9103
87.7122 59.1626
84.0569 61.0709
80.6622 60.7833
79.9043 62.4281
75.9916 63.7645
72.2257 62.7848
56.7559 54.8085
55.0836 55.0836
54.1139 56.0366
52.4598 58.2626
51.9599 59.773
52.2586 62.2794
52.1465 66.7445
48.8674 64.8492
46.7289 64.3168
44.9684 64.2215
43.3533 66.7582
42.3935 67.8438
41.1515 68.4877
37.9606 68.4827
36.8066 69.2231
36.1376 70.9241
35.5957 72.9821
32.9457 73.9972
31.3757 73.9165
30.2308 74.8237
27.3616 75.1754
27.2501 79.1399
23.4544 72.1852
22.0741 72.201
19.4632 72.6376
17.9748 72.093
16.6239 72.006
14.4061 74.1129
13.041 73.9591
11.7013 73.8791
10.3406 73.5769
9.11583 74.2425
6.61512 75.6112
5.441 77.81
---------------------------
45
125.467 66.7119
113.623 65.6
104.403 62.7316
96.7826 62.8513
89.4532 60.3369
85.3556 59.7667
81.2212 61.2046
79.5891 62.1818
77.87 63.0579
72.6031 63.1129
70.8217 63.7682
59.4591 55.4465
56.2857 56.2857
54.1834 56.1085
53.1277 56.9725
52.6606 58.4855
51.423 61.2836
51.7301 63.8814
50.7305 64.9321
47.0228 64.7214
44.9684 64.2215
44.2322 65.5769
43.1354 66.4227
41.4091 68.9163
39.4 68.2428
37.9121 68.3953
35.956 70.5677
34.9382 71.6339
34.063 73.0484
32.9457 73.9972
30.006 74.2674
28.8128 75.0599
27.4984 75.5513
23.5471 72.4705
22.2787 72.8704
20.5901 71.8062
17.9748 72.093
16.8938 73.1752
15.4686 72.7742
14.3298 73.7202
11.9829 75.6569
10.3545 73.6759
7.8919 75.0864
6.67613 76.3085
5.51774 78.9073
---------------------------
45
132.53 70.4677
115.625 64.0918
106.889 64.2253
99.052 61.8946
90.1164 60.7843
86.8301 60.7991
83.0051 60.3068
79.4315 62.0587
78.3363 63.4355
73.9233 62.029
71.9238 62.5224
59.971 55.9239
57.5472 55.5727
54.0444 55.9646
53.0595 56.8993
52.2591 58.0396
51.8943 59.6975
51.6043 63.726
51.0383 65.3261
48.3859 64.2103
45.1405 64.4673
43.4493 64.4162
42.8631 66.0034
42.6585 68.2679
39.4 68.2428
37.8152 68.2203
37.1352 69.8412
34.719 71.1845
34.0208 72.9578
32.905 73.9058
31.3757 73.9165
28.8128 75.0599
27.3958 75.2694
27.1198 78.7617
22.191 72.5835
20.8106 72.5753
19.1267 71.3819
16.8038 72.7854
15.531 73.0676
14.2725 73.4257
13.1625 74.6484
10.4101 74.0721
9.10364 74.1432
6.61512 75.6112
5.441 77.81
---------------------------
46
136.057 69.3243
125.82 66.8997
115.712 64.1403
105.174 63.1952
98.4584 61.5236
91.1635 59.2023
85.929 60.1682
82.5197 59.9541
80.1031 60.362
78.414 63.4984
73.6935 61.8362
71.6974 62.3256
60.3367 56.2649
56.5401 54.6001
55.6493 55.6493
53.6733 57.5575
52.6606 58.4855
52.0255 59.8485
50.912 62.8711
52.1465 66.7445
48.3859 64.2103
46.2587 63.6696
43.4493 64.4162
42.8631 66.0034
42.1816 67.5046
39.75 68.849
37.7182 68.0454
36.6188 68.8699
35.5021 69.6767
33.9785 72.8671
32.783 73.6318
31.2976 73.7324
28.8486 75.1532
27.259 74.8935
26.9896 78.3835
23.5471 72.4705
21.0036 73.2481
19.722 73.6035
18.0958 72.5781
15.531 73.0676
14.8068 76.1743
13.041 73.9591
10.4519 74.3691
9.05489 73.7462
7.93371 75.4842
6.76329 77.3047
---------------------------
45
132.493 67.5084
119.551 63.5664
109.852 60.8921
101.66 61.0835
92.1828 57.6022
87.6411 56.9148
83.8812 58.7342
80.4163 58.4259
79.624 60.001
77.0929 62.4286
72.4678 60.8077
70.7918 61.5383
56.8993 53.0595
55.6769 53.7666
53.9522 53.9523
52.0365 55.8023
51.2554 56.9249
49.4012 56.8296
47.7654 58.9854
49.807 63.7501
48.9276 64.9291
44.6129 61.4044
41.4362 61.4317
40.4667 62.3132
38.8431 62.1619
37.95 65.7313
36.991 66.7335
35.4451 66.6625
34.5941 67.8947
33.1755 71.1452
31.8068 71.4393
30.8287 72.6278
28.4903 74.2196
26.8828 73.8598
26.8268 77.9107
22.3957 73.2529
21.0036 73.2481
19.3597 72.2513
17.999 72.19
15.4686 72.7742
14.1962 73.0331
10.3545 73.6759
9.05489 73.7462
7.8919 75.0864
6.71099 76.707
---------------------------
44
138.393 64.5338
125.81 64.1035
114.871 61.0783
106.261 61.35
98.3171 59.0749
91.674 57.2843
85.3909 57.5969
82.8163 57.9886
78.7983 57.2503
75.649 59.1035
73.0517 59.1561
70.2463 58.9436
57.9653 52.1922
56.3142 52.5139
54.0224 52.1688
51.8215 53.6628
51.1499 54.8515
48.3781 53.7294
46.0879 54.9254
44.6817 55.1774
43.3426 55.476
41.145 56.6312
39.6915 56.6853
38.6961 57.3694
37.9069 58.3715
35.2286 58.6302
34.2 59.2361
33.3549 60.1738
31.7339 62.2814
30.9052 63.365
30.5976 65.6167
30.3832 68.2418
29.8909 70.4186
28.096 73.1927
27.1564 74.6116
25.8501 75.0742
24.7832 76.2747
23.0984 80.5537
20.5244 76.5979
19.4505 78.0118
16.3834 77.078
9.15239 74.5402
8.00688 76.1804
6.78072 77.504
---------------------------
33
134.949 62.9279
127.859 65.1476
120.699 64.1768
112.757 65.1
105.003 63.0922
90.4867 56.5424
86.2199 58.1561
83.1439 58.218
78.3128 56.8976
75.649 59.1035
71.886 58.2121
69.4802 58.3008
67.0317 60.3556
60.2635 56.1967
56.3962 54.4612
53.9055 55.8208
51.4227 55.1441
49.5826 55.067
46.6664 55.6148
45.1852 55.7991
43.9582 56.264
41.4389 57.0357
39.9783 57.0949
39.0317 57.8668
37.7435 58.1199
35.6921 59.4017
34.95 60.5352
34.0821 61.4858
32.6419 64.0634
32.0888 65.7917
31.6964 67.9731
31.7255 71.2565
31.9618 75.2973
