---------------------------
20
106.185 38.6483
99.8577 40.3451
91.9584 39.034
93.5471 41.6498
89.6098 43.7056
87.5859 44.6273
88.0299 46.8063
91.9225 50.9535
88.2882 53.0489
84.5504 52.833
80.764 52.4487
76.1811 53.3426
72.6497 52.7831
62.1717 50.3456
57.6065 48.3376
55.4386 49.9171
54.7784 51.0817
54.9422 54.9422
47.9633 66.0158
42.6167 60.863
---------------------------
21
103.534 39.743
98.9305 39.9705
93.273 41.5278
92.2621 43.0225
89.1604 43.4864
88.2096 44.9451
92.6222 51.3413
90.1532 52.05
87.0882 52.3279
83.6993 54.355
79.256 53.4588
76.1811 53.3426
70.9987 53.5014
62.7257 49.0067
59.7625 48.3947
56.4523 49.0732
55.6615 50.1179
55.5097 51.7637
41.0448 60.8514
39.214 60.3843
30.2358 59.341
---------------------------
23
103.441 39.7072
98.3099 41.7301
95.6482 42.5853
92.8965 43.3184
89.4571 45.5807
88.0299 46.8063
93.9342 52.0686
90.174 54.182
86.5857 54.1048
84.538 54.8996
79.7534 53.7944
76.3712 55.4869
71.7973 54.1032
62.4825 50.5974
59.445 49.8803
57.4334 49.9261
56.5533 50.9208
54.9422 54.9422
47.5766 58.7522
48.1984 66.3394
43.5345 62.1736
40.0854 61.7262
36.3102 60.4303
---------------------------
24
104.123 42.0683
99.3024 44.2123
93.0778 43.4029
95.1823 46.4235
92.041 46.8972
88.3366 48.9658
95.3494 55.05
91.5455 55.0061
88.2281 57.296
84.8105 57.2054
81.2599 56.8988
77.4229 56.251
73.2062 57.195
70.1763 56.8276
61.8107 53.7312
58.3369 52.5268
57.0456 53.1959
55.8927 53.975
54.4612 56.3962
51.3525 63.4151
48.5511 66.8248
43.617 64.6649
41.1202 63.3196
38.4733 64.0304
---------------------------
26
104.601 46.5713
99.6763 48.6154
97.387 49.6212
95.9764 51.0316
93.0111 53.7
93.7741 56.3452
92.6917 57.9202
91.0796 59.1478
87.895 61.5448
85.0277 61.7762
80.6622 60.7833
76.782 62.1769
73.0806 61.3219
70.4899 61.2759
62.677 58.4473
59.2017 57.1704
57.4878 57.4878
55.3101 59.3128
54.8687 60.9379
50.6126 67.1652
48.6098 66.9057
46.5808 69.0588
46.839 72.1257
42.6585 68.2679
39.8 68.9356
30.7086 68.9727
---------------------------
20
105.865 56.2896
103.642 57.4499
102.614 64.1202
98.0406 63.6683
93.711 65.6171
91.0144 66.1258
89.2076 67.2227
85.7356 66.984
80.7411 67.7498
77.5087 67.3773
73.9429 66.5785
70.0637 67.6597
65.6195 65.6195
60.5742 62.7264
57.5452 63.9105
56.3555 64.8296
55.1914 68.1557
47.2747 72.7966
46.714 77.7451
43 74.4782
---------------------------
20
112.757 65.1
97.5777 65.817
95.3022 69.2411
93.2806 70.292
90.6212 70.8011
87.1958 70.6097
82.5652 71.7729
78.9963 71.1286
75.7682 70.655
71.4885 71.4885
68.8406 71.2866
64.3806 69.0398
61.6695 70.9427
54.0883 77.246
50.7747 75.2766
48.4346 77.5116
47.847 79.6308
47 81.4064
41.5013 78.0526
39.2248 76.983
---------------------------
25
113.746 68.3456
110.872 72.0013
97.5777 65.817
95.1036 66.5922
95.3831 69.2999
94.4825 73.8178
91.5478 74.1339
87.7121 73.5992
84.4956 76.0801
79.425 74.065
76.6816 74.0506
71.6887 74.2359
68.609 73.5742
66.3108 73.6457
63.5074 75.6852
61.7363 76.238
60.1501 76.9886
59.0381 78.3461
56.7267 81.0141
51.3898 76.1886
50.8693 78.3318
52.25 83.6175
45.2 78.2887
43.0511 77.6662
39.6334 77.7849
---------------------------
25
114.402 71.4861
111.34 75.0996
106.736 74.737
104.606 76.0006
99.841 78.0043
94.4232 76.4624
90.8529 76.2346
87.4708 76.0372
83.0818 77.475
79.3432 76.6208
76.3675 76.3675
71.8826 77.0847
70.058 77.8073
67.7053 77.886
64.82 80.046
63.29 81.0075
61.5055 81.6205
60.7182 83.5715
45.7 79.1547
43.342 78.191
41.2196 77.5228
38.0945 78.1052
37.3172 80.027
35.5081 79.7525
33.5638 79.0714
