---------------------------
26
107.595 39.1613
102.732 41.5064
98.2179 41.691
95.4655 42.504
91.2276 44.4947
87.7641 44.7181
84.3215 44.8345
82.1268 45.5236
79.5451 47.7955
74.1194 46.3149
70.9656 47.8669
68.6449 48.0657
66.0158 47.9633
62.3734 47.0018
60.3842 48.8982
57.1469 47.952
56.0749 48.7452
53.6082 49.9905
52.9434 51.1269
52.538 52.538
52.933 54.8137
51.3223 56.9992
50.779 58.4145
48.5305 57.8364
45.6205 58.3916
44.4741 59.0192
---------------------------
23
93.5233 39.6983
89.5275 39.8602
84.5585 39.4303
80.0124 40.7683
75.6686 40.2337
73.2931 40.627
69.4305 41.7181
67.335 42.0756
64.9131 42.1551
61.4364 43.0182
59.4627 43.2022
57.5816 43.3909
55.2551 44.7447
53.8529 45.188
52.6787 45.7929
52.2431 47.0399
51.0012 49.2513
50.9117 50.9117
50.5711 52.3679
49.1811 54.6211
48.6796 55.9995
46.7307 55.6914
45.0593 55.6437
---------------------------
24
92.971 39.4638
89.4361 39.8195
83.7428 39.0499
77.4285 39.4518
74.3442 39.5295
71.1066 39.415
67.4591 40.5335
64.7909 40.4858
62.8164 40.7935
60.1258 42.1005
57.8447 42.0266
56.3837 42.4881
54.4002 44.0524
52.9337 44.4166
52.1504 45.3337
51.8715 46.7053
50.6415 48.9039
49.9924 49.9924
49.5986 51.3609
49.3085 52.8769
47.8923 55.0938
45.895 54.6956
44.6817 55.1774
42.6687 56.6233
---------------------------
25
110.335 44.5782
104.601 46.5713
86.7337 40.4446
80.7252 41.1315
76.1984 40.5154
73.3806 40.6755
69.4552 40.1
66.487 41.5457
63.6551 41.3381
60.7811 42.5594
58.9773 42.8495
56.8628 42.8492
55.5548 43.4041
53.3167 44.738
52.3768 45.5305
52.0201 46.8391
51.7798 48.2855
50.7703 50.7703
50.0154 51.7925
49.3085 52.8769
47.8923 55.0938
47.6306 56.7639
45.374 56.0322
43.451 57.6615
42.3793 58.3301
---------------------------
27
111.355 44.9903
105.332 46.8967
101.869 47.5023
84.0372 40.9877
80.2599 42.675
75.1298 41.6451
71.7935 41.45
67.4198 42.1286
64.4938 41.8827
62.5923 42.2191
60.1909 43.7312
58.3004 43.9325
56.3428 44.0198
54.5424 45.7665
53.0561 46.121
52.1688 46.973
51.9992 48.4901
50.9824 50.9824
50.3627 52.1521
49.8541 53.462
49.248 54.6955
48.0805 57.3001
46.6956 57.6642
45.0664 57.6824
42.8495 58.9773
42.6741 60.9449
29.9634 58.8064
---------------------------
24
110.092 46.7314
103.772 48.3898
98.4179 48.0016
81.438 41.4947
77.7537 43.0996
73.7854 42.6
69.9448 42.0271
66.255 43.0265
63.6701 42.946
61.9279 43.3624
60.0574 45.2565
56.9732 44.5123
55.8768 45.2481
53.6599 46.6458
52.689 47.4414
51.9992 48.4901
51.9363 50.1543
50.849 52.6557
50.0587 53.6814
49.5157 54.9927
47.8877 57.0703
47.8284 59.0631
45.5589 58.3128
44.2936 58.7796
---------------------------
24
110.369 46.8487
105.332 46.8967
101.024 49.2729
84.2892 42.9475
78.9355 41.9708
74.4782 43
71.402 42.9027
66.5066 43.1899
64.2504 43.3375
62.2556 43.5918
59.8977 45.1361
57.2884 44.7586
56.1099 45.4369
55.3084 46.4093
52.6147 47.3745
51.853 48.3537
51.7925 50.0154
50.7795 52.5837
50.0587 53.6814
49.4488 54.9184
48.942 56.3013
48.7233 58.0662
45.8052 58.628
29.5462 60.5787
---------------------------
25
110.645 46.9659
105.88 47.1408
101.869 47.5023
83.6655 42.6297
80.0833 42.5811
75.171 43.4
71.0592 42.6967
67.8438 42.3935
64.4991 43.5052
62.5013 43.7639
60.5954 44.0251
57.2884 44.7586
56.1877 45.4999
54.9254 46.0879
53.5089 46.5146
51.7798 48.2855
51.7925 50.0154
51.4067 51.4067
49.9905 53.6082
49.4488 54.9184
49.1388 56.5277
49.0447 58.4492
45.8668 58.7068
44.3538 58.8594
43.4373 59.7864
---------------------------
26
110.645 46.9659
105.88 47.1408
102.413 47.7559
83.6655 42.6297
79.2887 42.1586
74.3916 42.95
70.802 42.5421
67.1654 41.9696
64.4162 43.4493
62.3375 43.6492
60.5954 44.0251
57.6036 45.0049
56.0322 45.374
55.2318 46.345
52.6147 47.3745
51.7798 48.2855
51.7205 49.9459
51.1238 51.1238
50.9185 52.7276
49.5826 55.067
49.0076 56.3768
49.1733 58.6024
45.6205 58.3916
44.113 58.54
43.4373 59.7864
30.599 60.0538
---------------------------
25
98.2815 39.7083
110.461 46.8877
105.514 46.9781
100.305 48.9222
80.9925 41.2677
77.9643 41.4543
73.2657 42.3
70.0306 42.0786
66.842 43.4077
64.0846 43.2256
61.846 43.305
58.9393 44.414
57.2096 44.697
55.9545 45.3111
53.5089 46.5146
52.3917 47.1737
51.853 48.3537
51.6486 49.8765
50.2238 52.0083
49.9905 53.6082
49.6495 55.1413
49.1388 56.5277
47.9542 59.2185
45.3742 58.0764
43.8723 58.2205
---------------------------
25
98.2815 39.7083
110.553 46.9268
104.875 46.6934
98.9572 48.2647
80.9925 41.2677
76.7041 42.5178
73.6988 42.55
69.6877 41.8726
67.0936 43.5711
63.8359 43.0579
61.7641 43.2477
59.0192 44.4741
57.052 44.5739
55.7991 45.1852
54.3126 45.5736
52.2431 47.0399
52.1455 48.6265
51.5767 49.807
50.3627 52.1521
49.9905 53.6082
49.6495 55.1413
49.27 56.6787
46.3809 57.2757
45.3127 57.9976
43.8723 58.2205
---------------------------
24
110.553 46.9268
105.058 46.7747
99.4965 48.5277
81.438 41.4947
77.2289 42.8087
73.1791 42.25
70.6306 42.4391
66.842 43.4077
64.0846 43.2256
61.9279 43.3624
59.3386 44.7149
57.3672 44.8202
55.8768 45.2481
53.6599 46.6458
52.466 47.2406
51.7798 48.2855
51.6486 49.8765
50.2933 52.0802
49.9905 53.6082
49.6495 55.1413
49.1388 56.5277
48.143 59.4517
45.3742 58.0764
43.8723 58.2205
---------------------------
26
98.6781 41.8864
105.149 46.8154
102.413 47.7559
83.3091 42.4481
78.8472 41.9238
75.1298 41.6451
70.5449 42.3876
68.0983 42.5525
64.582 43.5611
62.3375 43.6492
60.5145 43.9663
57.2884 44.7586
56.0322 45.374
54.8488 46.0236
53.2825 46.3178
51.6336 48.1491
51.5767 49.807
51.1238 51.1238
50.7795 52.5837
49.3818 54.8441
49.0076 56.3768
48.7233 58.0662
45.6205 58.3916
44.0529 58.4601
43.3198 59.6245
28.4845 61.0851
---------------------------
25
97.2616 39.2962
107.433 47.8322
103.863 48.4321
87.0033 42.4343
80.7897 42.9566
75.917 42.0815
73.6988 42.55
68.9463 43.0824
67.0936 43.5711
63.5872 42.8901
60.9999 44.319
58.8594 44.3538
57.2096 44.697
55.0786 46.2164
53.6599 46.6458
52.466 47.2406
52.1455 48.6265
50.7703 50.7703
50.4322 52.2241
50.1951 53.8276
48.7452 56.0749
48.2733 57.5299
46.1921 57.0425
45.4974 58.234
29.8092 61.118
---------------------------
25
97.6656 41.4566
105.606 47.0188
102.413 47.7559
83.6655 42.6297
78.9355 41.9708
74.3916 42.95
71.0592 42.6967
68.1831 42.6055
64.7478 43.673
62.5832 43.8212
60.6763 44.0839
58.4601 44.0529
56.1877 45.4999
54.9254 46.0879
52.7633 47.5083
51.5604 48.0809
51.4328 49.6681
50.9117 50.9117
50.7795 52.5837
49.3818 54.8441
49.0076 56.3768
48.659 57.9896
46.8844 57.8974
43.0847 59.3009
30.686 62.9156
---------------------------
25
109.908 46.6533
104.692 46.612
99.7661 48.6592
81.438 41.4947
77.2289 42.8087
73.3523 42.35
70.1163 42.1301
66.255 43.0265
64.2504 43.3375
62.3375 43.6492
60.7572 44.1427
57.6036 45.0049
56.0322 45.374
54.0372 46.9738
52.5403 47.3075
51.7067 48.2173
51.5767 49.807
50.0849 51.8644
49.9905 53.6082
49.6495 55.1413
49.0732 56.4523
47.9542 59.2185
45.6821 58.4704
44.113 58.54
43.7312 60.1909
---------------------------
24
96.2848 40.8705
106.885 47.5882
103.591 48.3053
86.5539 42.2151
80.1716 42.628
75.917 42.0815
72.2592 43.4177
68.4375 42.7645
67.0936 43.5711
63.6701 42.946
60.7572 44.1427
58.8594 44.3538
57.1308 44.6355
54.8488 46.0236
53.7353 46.7114
52.3917 47.1737
51.0731 49.3207
50.6996 50.6996
50.2933 52.0802
50.1269 53.7545
48.8108 56.1504
48.4019 57.6832
46.6956 57.6642
45.3127 57.9976
---------------------------
22
91.8664 38.995
105.423 46.9374
85.6551 41.7768
80.3688 40.9499
75.4797 41.8391
72.6595 41.95
69.5163 41.7696
66.5066 43.1899
63.8359 43.0579
61.6002 43.1329
58.6997 44.2334
57.1308 44.6355
55.6437 45.0593
54.9254 46.0879
52.3174 47.1068
51.6336 48.1491
51.217 49.4597
50.0154 51.7925
49.8541 53.462
49.4488 54.9184
49.1388 56.5277
46.3809 57.2757
---------------------------
24
92.0505 39.0731
92.3594 41.1211
85.2956 41.6014
80.3688 40.9499
76.0218 40.4215
72.5729 41.9
69.3448 41.6666
66.911 41.8106
63.6701 42.946
61.4364 43.0182
59.3009 43.0847
56.8944 44.4508
55.3328 44.8076
54.3892 45.6379
52.0945 46.9061
51.341 47.8763
50.9293 49.1818
50.6996 50.6996
49.7859 53.3888
49.3149 54.7698
48.8108 56.1504
45.9404 56.7317
44.8817 57.446
43.3307 57.5018
---------------------------
24
92.971 39.4638
90.6237 40.3483
85.0259 41.4699
80.1015 40.8137
75.7569 40.2807
72.5729 41.9
69.002 41.4606
67.0098 43.5167
63.0898 42.5546
61.0268 42.7314
59.0582 42.9083
56.7368 44.3276
55.0996 44.6188
53.6997 45.0594
51.7972 46.6384
51.1948 47.7399
50.7135 48.9734
50.4874 50.4874
49.4449 53.0231
48.9804 54.3982
48.7452 56.0749
46.5378 55.4616
44.6355 57.1308
43.2705 57.4219
---------------------------
26
93.3392 39.6201
89.5275 39.8602
84.4866 41.2069
80.1015 40.8137
75.492 40.1398
72.9433 40.4331
69.0877 41.5121
67.9286 42.4465
63.8228 41.447
60.9449 42.6741
58.8155 42.732
56.4216 44.0814
54.9442 44.493
53.5465 44.9309
52.3768 45.5305
51.2679 47.8081
50.7135 48.9734
50.4167 50.4167
50.0154 51.7925
48.8465 54.2496
48.4172 55.6976
48.5305 57.8364
44.5123 56.9732
43.3307 57.5018
42.6732 58.7346
29.9634 58.8064
---------------------------
26
94.1092 38.0226
93.4557 41.6092
87.0962 40.6136
83.5878 40.7685
78.8472 41.9238
74.9549 41.5482
70.802 42.5421
68.3527 42.7115
66.0872 42.9176
63.5043 42.8342
60.9999 44.319
58.6198 44.1732
57.1308 44.6355
54.9254 46.0879
53.5844 46.5802
52.466 47.2406
51.4328 49.6681
50.841 50.841
50.5711 52.3679
49.9905 53.6082
48.6796 55.9995
48.1448 57.3767
46.3809 57.2757
45.128 57.7612
42.9671 59.1391
29.5462 60.5787
---------------------------
26
94.256 43.9523
90.2389 44.0125
87.0513 44.3549
81.2522 45.0388
77.5093 44.75
74.6593 44.8598
70.8677 46.022
68.2298 46.0216
66.2694 46.4023
63.0123 47.4832
61.0708 47.7138
59.1408 47.8913
56.5277 49.1388
55.29 49.7833
53.9008 50.2633
52.8715 51.0574
51.6131 53.4469
51.2181 54.9247
50.8539 56.479
50.4509 58.0372
49.0241 60.5397
48.5141 62.0952
46.2796 61.4151
43.7639 62.5013
30.7737 63.0953
30.1749 64.7104
---------------------------
23
95.605 48.7132
92.7095 49.2945
88.0748 50.85
85.031 51.0918
81.4974 50.9252
78.248 50.8148
74.6247 52.2528
72.3261 52.548
69.8806 52.6588
67.1454 54.3733
64.6542 54.2513
62.6409 54.4529
59.8247 55.7875
58.2665 56.2673
56.9221 56.9221
54.2871 58.2158
53.4635 59.3773
52.8784 60.8296
52.4515 62.5092
51.0383 65.3261
50.6728 67.2451
50.2556 69.171
47.1959 69.9708
---------------------------
26
105.129 58.2741
100.805 58.2
94.5574 59.086
91.7506 59.5835
88.9557 60.0014
84.2996 61.2472
81.3011 61.2648
78.2495 61.1352
76.0049 61.5475
72.4521 62.9817
70.2272 63.2328
68.3084 63.6987
64.771 64.771
62.7277 64.9564
60.5615 64.9442
57.6676 66.339
56.6939 67.5651
55.0655 68.0003
54.3013 69.5025
52.548 72.3261
52.2528 74.6247
51.6694 76.6031
51.2505 78.9189
48.1561 80.1451
46.7 80.8868
45.5721 82.2143
---------------------------
26
107.317 64.4828
102.953 64.3322
95.9196 64.6986
94.2025 65.9613
92.6324 67.3014
88.0996 68.831
85.5638 69.2882
82.3498 69.0997
80.1502 69.6735
75.622 70.5186
72.7972 70.2994
70.7107 70.7107
67.927 72.8428
64.7049 71.8621
62.7192 72.1502
60.6791 72.3146
57.5028 73.6002
56.2697 74.6724
54.6053 75.1577
52.5641 77.9295
52.013 80.093
51.6141 82.5999
50.8858 84.6881
49.1112 88.599
46.7124 87.8533
45.4898 89.2789
---------------------------
28
115.737 75.1602
104.79 70.682
99.4282 72.2388
96.6349 72.8196
96.0585 75.0491
93.4129 75.6443
92.6783 80.564
90.515 81.5001
87.1774 81.2942
84.2164 84.2164
79.9552 82.796
73.6558 78.9862
69.083 79.4709
66.4 79.1324
63.4984 78.414
61.874 79.1951
57.603 79.2837
56.2678 80.3588
54.6891 81.0799
52.356 83.7872
51.8128 86.231
51.2 88.681
50.4202 90.9604
47.215 92.6647
45.5468 93.3847
44.544 95.5248
41.3244 92.8162
36.5894 95.3186
---------------------------
26
117.06 78.958
113.371 79.383
109.136 79.2922
105.199 82.1908
101.262 82.0005
97.1344 81.5055
94.3387 82.0074
90.6879 84.5678
88.1191 85.0956
85.1357 85.1357
79.9984 85.7878
77.1508 85.6846
73.9379 85.0558
69.9804 86.4186
66.122 84.6324
62.5286 82.9782
58.6195 83.7173
56.9258 84.396
55.88 86.0476
54.9526 87.9426
52.9 91.6255
52.0201 93.8467
48.872 91.9148
47.8052 93.823
43.9523 94.256
42.3413 95.1001
---------------------------
25
117.303 82.1361
112.858 81.996
109.094 82.2079
102.039 82.6298
97.5175 81.8269
96.9047 84.238
93.3207 87.023
90.8526 87.7354
87.257 87.257
84.0537 87.0401
79.0912 87.8397
76.0372 87.4708
73.0849 87.0993
68.6463 87.8632
65.7182 87.211
63.7747 87.7783
61.8315 88.3046
57.5492 92.098
56.0361 93.2598
52.0686 93.9342
49.6701 93.4159
49.031 96.2287
46.6865 95.7216
42.0566 94.4606
31.5815 97.198
---------------------------
27
116.094 84.3472
113.726 85.6985
108.256 87.6643
106.174 89.0904
101.508 88.2399
98.1694 88.3922
93.9458 90.7224
89.944 89.944
87.4575 90.5649
81.567 90.5894
78.7927 90.6406
75.399 89.857
71.4167 91.4092
68.8476 91.3639
66.89 92.0661
65.6171 93.711
61.7621 95.1052
60.0928 96.1687
57.5298 95.7456
54.5526 102.599
51.6641 101.397
46.2043 94.7329
41.7719 93.8211
40.1281 94.5358
38.4721 95.2218
35.5701 97.728
33.3056 96.7266
