---------------------------
33
170.666 58.7651
131.324 61.2374
125.831 61.372
90.3482 50.0808
87.9016 50.75
78.5857 59.2186
76.2794 59.596
75.694 61.2958
71.3201 61.9976
69.484 62.5637
67.1383 62.6075
64.309 62.1025
60.7131 62.8703
58.6519 62.8964
55.8055 61.9783
53.8013 64.1179
51.5413 63.6483
49.0067 62.7257
45.906 63.1842
44.3375 63.3205
42.7783 63.4214
38.6841 61.9075
36.9282 61.4589
35.35 61.228
32.6283 61.3649
31.0076 60.8557
30.4668 62.4662
29.372 62.9884
27.5465 64.8956
27.2339 67.4063
27.5227 71.699
28.2167 77.5246
9.42202 67.0411
---------------------------
44
-1.21294 69.4894
-2.41854 69.2578
133.926 59.6276
126.792 59.1243
69.1903 44.9327
64.2215 44.9684
58.8594 44.3538
55.9545 45.3111
54.1593 45.4451
51.7731 45.0056
49.2932 45.9667
47.6922 46.0559
46.1034 46.1034
44.0571 47.2454
42.6905 47.4126
41.6597 47.9241
38.892 48.0276
37.74 48.3051
35.9284 47.6785
34.3572 49.0672
32.8246 48.6645
31.6435 48.7268
30.4704 48.7628
28.65 49.6233
27.3917 49.416
26.1965 49.2685
24.4611 50.1527
23.4976 50.3907
22.6959 50.9758
21.92 51.6403
19.9969 52.0938
19.2215 52.8107
18.362 53.3272
17.3927 60.6556
18.1432 67.7114
16.9587 68.0177
16.129 69.8623
14.6578 68.9594
11.9123 67.5578
8.28712 67.4931
5.822 66.5458
4.62485 66.1385
3.48034 66.4089
1.13092 64.7901
---------------------------
43
-0 62.6
-1.11346 63.7903
-3.3024 63.0135
-4.47139 63.9439
79.1705 51.4139
56.1852 43.8967
50.7887 42.6168
48.2301 43.4266
46.6604 43.5115
45.3903 43.8329
43.6992 43.6992
41.3291 44.32
39.9471 44.3657
37.7316 44.9668
36.8152 45.463
35.2774 45.153
33.822 44.8833
32.0056 45.7087
31.0352 46.0116
30.0096 46.2107
27.9151 46.4585
26.95 46.6788
26.0343 46.9671
24.3793 47.847
23.1898 47.5462
22.3565 47.9437
20.5915 48.5106
19.7418 48.8626
18.9935 49.4798
18.3323 50.3675
17.5481 50.9635
16.0512 52.5011
15.4908 54.0229
14.5974 54.4782
13.1608 61.9167
11.5129 65.2928
10.3716 65.4837
7.98244 65.0118
6.64801 63.2516
5.47338 62.561
4.3528 62.248
2.15679 61.7624
1.08379 62.0905
---------------------------
44
-0 62.8
-2.22659 63.7611
-3.31287 63.2132
76.0992 53.2853
55.2396 43.1579
52.1465 42.2274
50.4146 43.8247
48.8246 43.9619
47.2454 44.0571
44.972 44.972
43.2772 44.8149
41.6701 44.6857
38.9043 44.7543
37.7316 44.9668
36.8152 45.463
34.3636 45.6021
33.0335 45.4668
32.0056 45.7087
30.1185 46.3785
28.9336 46.3034
28.0181 46.6299
27.05 46.852
25.1167 47.2377
24.1977 47.4906
23.2337 47.6361
21.5164 48.3266
20.5915 48.5106
19.8541 49.1407
18.2981 50.2736
17.5481 50.9635
16.8105 51.7375
16.1097 52.6924
15.3254 53.4461
13.8621 55.5979
13.4296 58.1699
12.9529 60.9386
12.1736 62.6278
10.2934 64.9899
9.22718 65.6548
6.7839 64.5445
5.56054 63.5572
4.41558 63.1458
2.19518 62.8617
1.09252 62.5905
---------------------------
45
-1.16582 66.7898
78.344 52.8437
76.5907 53.6294
72.9154 54.9457
54.4779 44.1154
53.2401 44.6737
52.2259 45.3993
48.8544 45.5575
46.901 45.2917
45.467 45.467
42.8295 45.929
41.3523 45.9263
39.7572 45.7354
38.2459 45.5796
36.3856 46.5714
34.9655 46.4007
33.7977 46.5185
31.5385 46.7577
30.2275 46.5462
29.1985 46.7274
27.55 47.718
26.4706 47.7542
25.3984 47.7675
24.6063 48.2926
22.7791 48.85
21.8418 49.0574
21.1386 49.7993
19.3877 50.5067
18.6743 51.3072
17.9388 52.0981
17.1504 52.7836
15.5459 54.2152
15.0891 56.3135
14.346 57.5385
13.857 60.0212
13.1192 61.7211
11.4087 64.7019
10.5437 66.5702
9.46377 67.3382
8.07994 65.8058
7.04522 67.0308
4.68066 66.9365
3.51174 67.008
2.34176 67.0591
1.16582 66.7898
---------------------------
40
129.998 57.8786
126.521 58.9975
75.6431 54.9579
54.5556 44.1783
53.6997 45.0594
51.6486 46.5046
50.0977 46.7169
47.4764 45.8475
44.8749 46.4693
43.0341 46.1484
41.2005 47.3958
38.9529 46.4223
37.8851 46.7842
36.3856 46.5714
34.3854 47.3275
33.2101 47.4289
32.1536 47.6697
30.881 47.5526
28.7391 47.8299
27.7 47.9778
25.9618 48.827
25.1057 49.2727
23.9789 49.164
23.2017 49.7563
21.3339 50.2596
20.491 50.717
19.7461 51.4403
18.069 52.4763
17.2122 52.9739
16.5775 54.2225
16.0697 56.0416
14.346 57.5385
13.7445 59.534
13.2232 62.2102
12.3835 63.7076
11.7039 66.376
9.54727 67.9324
7.07658 67.3291
6.05732 69.2355
4.88993 69.9292
---------------------------
40
78.229 54.7766
75.0717 56.5706
54.9254 46.0879
53.5844 46.5802
51.8715 46.7053
49.3467 47.6536
47.0933 47.0933
45.6391 47.2606
42.8913 47.6356
41.5941 47.8486
39.8528 47.4948
37.8632 48.4627
35.9284 47.6785
34.9144 48.0556
33.5542 47.9204
31.4257 48.3913
30.2584 48.4235
29.2027 48.6014
27.1978 49.0662
26.4312 49.7099
25.2419 49.54
23.4553 50.3001
22.5332 50.6104
21.6856 51.088
20.903 51.7369
19.0847 52.4348
18.3946 53.4218
17.5213 53.9249
16.9868 55.5613
15.348 57.2794
14.4427 57.9267
14.0819 60.9956
13.4311 63.1883
12.5934 64.7874
10.7314 67.7554
9.79779 69.7149
8.3968 68.3864
7.3588 70.0143
6.22292 71.1283
3.78912 72.3008
---------------------------
39
131.642 58.6108
77.342 56.1923
75.0717 56.5706
57.2757 46.3809
54.9254 46.0879
53.207 46.2522
51.2679 47.8081
48.9151 47.2368
47.2347 47.2347
44.8755 48.1231
43.0251 47.7842
41.7254 47.9995
39.3955 48.6493
38.171 48.8567
36.47 48.3973
34.2425 48.9034
33.0483 48.9961
31.8614 49.0622
30.5763 48.9324
28.55 49.4501
27.5857 49.7659
26.619 50.0631
24.7241 50.692
23.6666 50.7532
22.7773 51.1585
21.8809 51.5483
20.1403 52.4672
19.3241 53.0926
18.7202 54.3673
16.8698 55.1788
16.2902 56.8106
15.4515 57.6658
14.9508 59.9643
13.3271 62.6993
11.0756 69.9283
9.96479 70.9032
8.59179 69.9745
6.31008 72.1245
5.16198 73.8197
---------------------------
35
75.9502 57.2326
55.1552 46.2807
52.5403 47.3075
51.7067 48.2173
48.9151 47.2368
46.6116 48.2677
45.2165 48.4888
43.4266 48.2301
41.3312 49.2567
39.7101 49.0379
38.2326 48.9355
35.7373 49.1882
34.5293 49.313
33.3838 49.4935
31.9703 49.23
29.9237 49.8014
28.85 49.9697
27.9735 50.4656
26.1045 51.2329
24.768 50.7819
23.8779 51.2064
22.2326 52.3767
21.2402 52.5713
20.4628 53.3074
19.7346 54.2203
17.8921 55.0662
17.0453 55.7526
16.4555 57.3873
15.6844 58.5351
14.2394 61.6776
13.4935 63.4818
12.5934 64.7874
11.8602 67.2624
11.2164 70.8173
7.49469 71.3072
---------------------------
37
78.2319 56.8388
75.8704 57.1724
57.5088 46.5697
52.7633 47.5083
51.9261 48.4219
49.1439 49.1439
47.6536 49.3467
45.3529 48.635
43.9619 48.8246
41.5241 49.4865
39.9618 49.3488
38.7251 49.5659
36.3251 49.9972
34.7587 49.6406
33.3838 49.4935
31.4242 50.2893
30.0267 49.9729
29.15 50.4893
27.1355 51.0344
26.1045 51.2329
25.2063 51.6807
23.2247 52.1634
22.3107 52.5608
21.39 52.9422
20.6062 53.6809
19.803 54.4082
18.1393 55.827
17.3376 56.7089
16.5107 57.5796
15.9433 59.501
14.3519 62.1648
13.5558 63.7752
12.746 65.5727
11.8602 67.2624
10.0622 71.5964
8.82334 71.8603
7.56786 72.0034
---------------------------
38
130.911 58.2854
125.651 61.2843
77.342 56.1923
75.255 58.7957
54.9429 47.7611
53.0605 47.7759
52.1455 48.6265
49.1439 49.1439
46.82 48.4835
45.5575 48.8544
42.9063 49.358
41.5241 49.4865
40.1506 49.5819
37.794 50.1543
36.2076 49.8354
34.7587 49.6406
32.6239 50.2364
31.5302 50.4589
30.5418 50.83
29.35 50.8357
27.2763 51.2993
26.2861 51.5893
25.294 51.8604
23.4687 52.7116
22.5452 53.1131
21.5399 53.3131
19.7346 54.2203
18.9155 54.9346
18.1393 55.827
17.3961 56.9001
16.7036 58.2525
15.1927 60.9346
14.4194 62.4571
13.7222 64.5577
12.8605 66.1617
10.0344 71.3983
8.94521 72.8529
7.72465 73.4952
---------------------------
37
130.055 60.6457
76.3496 57.5335
54.1127 47.0394
53.0605 47.7759
50.8573 49.1123
48.9318 48.9318
47.4452 49.1309
44.6979 49.6421
43.1687 49.6599
41.5241 49.4865
39.4639 50.5115
38.0949 50.5536
36.5015 50.24
34.4463 51.0687
33.1141 50.9912
31.8481 50.9677
29.65 51.3553
28.6522 51.69
27.558 51.829
26.4676 51.9457
24.4696 52.4752
23.5501 52.8943
22.5452 53.1131
21.6897 53.6839
19.803 54.4082
18.9155 54.9346
18.1393 55.827
17.4546 57.0914
15.6844 58.5351
15.2169 61.0316
14.5318 62.9443
13.8261 65.0468
11.8602 67.2624
11.2164 70.8173
10.1179 71.9925
9.05489 73.7462
7.67239 72.9979
---------------------------
34
76.8287 57.8946
52.6575 49.1039
51.0731 49.3207
49.3561 49.3561
46.3759 49.7321
44.6979 49.6421
43.1687 49.6599
41.0317 50.6699
39.587 50.6691
38.2153 50.7134
36.0206 51.4427
34.5581 51.2345
33.2774 51.2428
32.1131 51.3917
29.85 51.7017
28.9431 52.2148
27.8397 52.3588
25.8201 52.939
24.8077 53.2003
23.6314 53.077
21.6897 53.6839
20.8212 54.241
19.803 54.4082
18.9806 55.1237
17.2792 56.5176
16.4555 57.3873
15.9433 59.501
15.3862 61.7108
13.7222 64.5577
12.975 66.7506
11.2789 71.2123
10.1596 72.2896
9.00614 73.3492
8.03824 76.4787
---------------------------
35
54.7698 49.3149
53.1694 49.5813
51.5767 49.807
49.1123 50.8573
47.3989 50.8291
45.7016 50.7568
42.6168 50.7887
41.5351 51.2916
40.1411 51.3783
38.1473 52.5052
36.5942 52.2619
35.5087 52.6439
32.908 52.6638
31.8294 52.9729
30.45 52.7409
28.5439 53.6832
27.2848 53.5495
26.1708 53.658
24.2822 54.5387
23.1704 54.5859
22.2142 54.982
21.2512 55.3613
20.4186 56.0997
18.3865 56.5879
17.6593 57.7608
16.9793 59.2137
16.5127 61.6261
14.7793 64.0161
14.4291 67.8834
13.4902 69.401
12.6763 71.891
10.1596 72.2896
7.63058 72.6001
6.58026 75.2127
5.31544 76.0144
---------------------------
40
130.055 60.6457
91.1635 59.2023
70.3845 51.1373
68.6827 51.7561
65.2473 50.9768
62.8156 52.7086
59.3956 51.6318
57.668 51.9245
54.5979 52.7246
52.1138 52.1138
51.1269 52.9434
48.2443 53.5807
46.8426 53.8863
45.0594 53.6997
42.0497 53.8211
36.1096 55.6039
34.8157 55.7168
33.323 55.4587
31.0763 56.0631
29.8114 56.0672
28.556 56.0443
26.3291 56.463
25.1363 56.4571
23.7955 56.0587
23.4504 58.0417
21.1368 58.073
20.2178 58.7167
19.808 60.9627
19.0919 62.4467
17.3668 64.8136
17.1765 68.891
16.2865 70.5444
15.4478 72.6764
12.85 72.8758
11.5292 72.7926
10.2014 72.5867
8.93302 72.7536
7.77692 73.9924
6.58026 75.2127
4.06127 77.4937
---------------------------
39
127.608 59.5047
89.1454 53.564
85.0592 53.1509
76.1811 53.3426
77.2251 60.3348
75.532 63.3789
72.6031 63.1129
70.9703 63.902
68.3373 65.9925
64.9831 64.9831
61.4078 63.5896
59.0842 65.6197
56.1586 64.6031
54.4441 64.884
50.9768 65.2473
49.1081 65.1687
47.0228 64.7214
43.673 64.7478
42.1006 64.8292
39.267 62.8404
38.2673 63.6875
34.9063 62.9726
32.6283 61.3649
31.5069 61.8359
29.6255 63.5322
28.2682 63.4914
27.5075 64.8035
25.695 66.9377
24.7623 68.0337
24.092 69.9684
23.887 73.5167
23.9452 78.3214
21.922 81.8139
14.8259 76.2724
13.232 75.0424
11.6857 73.7803
9.05489 73.7462
6.51053 74.4157
5.23871 74.9171
