---------------------------
20
89.0609 72.1201
85.9502 72.1208
80.7798 72.7345
78.6205 73.3148
74.5291 74.5291
60.7131 62.8703
57.6289 61.7994
54.7809 63.0182
53.1585 63.3519
51.856 64.0368
49.8303 66.127
49.0213 67.472
48.1804 68.8088
48.0347 71.2143
57.296 88.2281
53.2034 88.5454
51.65 89.4604
50.6626 91.3978
20.1879 75.3422
18.7973 75.392
---------------------------
30
132.123 64.4406
125.632 64.0127
117.549 65.1584
112.67 65.05
107.574 64.6373
101.479 65.9013
98.4068 66.3762
93.2195 65.273
90.2458 68.0051
86.9176 67.9075
81.8335 66.2674
78.1879 67.9677
77.1384 69.4558
74.6712 69.632
72.5095 70.0216
58.2124 60.2807
56.5377 60.6292
54.1249 62.2635
53.03 63.1987
52.2965 64.5808
52.1465 66.7445
51.0543 75.6911
49.6711 76.4868
46.92 78.0879
45.55 78.8949
29.6873 81.5653
25.3394 77.9866
23.2728 76.1219
21.4997 74.9784
18.7973 75.392
---------------------------
39
145.893 64.9558
137.156 66.8954
130.176 66.328
120.434 64.0359
112.757 65.1
107.489 64.5858
101.935 63.6963
96.9145 65.3697
91.2535 63.8964
86.9693 63.1869
83.5291 65.2601
82.1443 66.5192
79.0558 66.3357
75.4292 67.9168
71.6727 66.8358
60.4965 58.4208
56.962 58.9859
55.3783 59.3859
54.2665 60.269
52.7086 62.8156
52.8 65.2025
52.3928 67.0597
56.2095 74.5926
51.794 73.9694
49.8241 73.8672
48.0916 74.0546
44.6538 74.3164
42.75 74.0452
42.3724 76.4418
41.2196 77.5228
31.879 78.9033
30.0671 78.3274
28.8323 79.2161
25.2467 77.7013
23.5067 76.8869
21.858 76.2281
20.3949 76.115
17.5462 76.0009
15.6973 73.8501
---------------------------
41
171.405 65.7964
137.124 63.9421
130.176 66.328
121.494 64.5993
113.701 63.0253
106.117 63.7617
100.494 62.7954
93.5118 60.7273
88.5503 62.0036
84.9468 61.7175
81.94 61.7462
79.5798 64.4424
77.5237 65.0501
73.0559 63.5065
60.3367 56.2649
57.691 55.7116
55.72 55.72
53.6733 57.5575
52.5937 58.4112
51.8287 59.6221
51.856 64.0368
52.8853 67.6901
49.1081 65.1687
46.964 64.6405
45.8538 67.9811
46.3488 71.3709
43.9303 70.3032
40.8 70.6677
39.1726 70.6693
38.3089 72.0485
37.999 74.5772
34.9505 74.9517
34.0439 76.4638
31.7664 74.8371
29.1353 75.9001
28.0799 77.1488
26.4687 76.8707
24.7214 76.0845
21.8305 76.1319
20.602 76.8877
18.7006 75.0039
---------------------------
37
124.496 66.1955
115.887 64.2373
107.301 61.95
100.578 62.8484
92.1699 59.8558
88.3754 59.61
83.8142 60.8946
79.624 60.001
79.0375 61.7509
75.15 60.8553
71.7729 62.3912
60.1204 54.1327
55.8208 53.9055
53.1744 53.1744
52.0299 53.8786
50.3855 55.9588
49.4012 56.8296
46.9235 55.9212
44.113 58.54
44.5095 63.5662
39.8676 61.3907
38.2602 61.2291
37.5463 62.4875
38.6 66.8572
36.1024 67.8987
35.0935 68.8748
35.0697 71.9035
34.1898 73.3203
31.1413 73.3642
29.9311 74.082
28.3469 73.8462
26.5664 77.1543
24.7214 76.0845
23.1558 75.7393
21.61 75.3629
19.136 76.7504
15.9884 75.2196
---------------------------
39
132.404 67.463
118.58 63.05
108.773 62.8
101.746 61.135
93.9637 58.7151
87.878 59.2744
84.2088 58.9637
80.2545 58.3083
77.6979 60.7042
74.3729 60.226
71.1655 59.715
57.7424 51.9914
55.8023 52.0365
52.6795 52.6795
51.6826 53.5189
50.7407 54.4127
47.105 54.1882
45.9593 54.7722
44.43 54.8665
43.2194 55.3184
41.0862 56.5503
41.8711 59.7981
40.8211 60.5197
38.0158 58.5392
35.5891 59.2303
35.1 60.795
35.3911 63.8472
33.6407 66.0236
33.4477 68.578
32.7952 70.3295
31.7661 71.3479
29.1444 72.1349
28.0602 73.0993
26.6776 73.296
26.1757 76.0197
23.0389 75.3568
21.61 75.3629
20.3691 76.0184
17.6362 76.3906
---------------------------
37
135.898 66.2817
119.639 63.6134
112.126 62.1526
104.01 60.05
97.8648 61.1527
89.4861 58.113
85.1422 57.4291
80.659 58.6022
78.8253 59.3991
76.5158 59.7807
71.0889 59.6507
58.8673 51.1726
56.0948 52.3093
53.6627 51.8215
52.6087 52.6087
50.7407 54.4127
47.7759 53.0605
46.6458 53.6599
44.1154 54.4779
42.7885 54.7667
41.6456 55.2656
40.4371 57.7502
39.0317 57.8668
37.5256 57.7844
35.9815 57.5825
34.05 58.9763
33.6458 60.6986
33.9897 63.9254
33.1413 65.0435
33.5792 68.8476
31.1154 69.8862
30.0472 70.7868
29.0695 71.9495
26.2329 72.0744
26.1757 76.0197
24.3505 74.9433
23.0097 75.2612
---------------------------
39
135.898 66.2817
119.551 63.5664
112.214 62.2011
104.01 60.05
97.8648 61.1527
89.57 58.1675
85.1422 57.4291
81.1444 58.9549
79.2246 59.7001
76.5158 59.7807
71.0889 59.6507
59.3956 51.6318
55.9486 52.1729
53.375 51.5437
52.6087 52.6087
50.5017 52.296
47.3744 52.6147
46.1866 53.1316
44.738 53.3167
42.4806 54.3727
41.2845 54.7864
39.8518 54.8514
38.1929 56.6233
36.981 56.9457
35.3456 56.5648
33.55 58.1103
32.9671 59.4741
32.8161 61.718
32.5511 63.8852
31.2315 66.9762
30.7086 68.9727
29.7346 70.0504
28.9571 71.6713
25.8909 71.1347
25.199 73.1831
24.3505 74.9433
22.9219 74.9743
20.3691 76.0184
19.1602 76.8474
---------------------------
39
133.561 65.142
118.668 63.097
109.852 60.8921
102.711 59.3
92.7765 57.9732
88.312 57.3505
84.396 56.9258
79.7691 57.9556
77.2281 58.1955
74.861 58.4878
70.3229 59.0079
58.0372 50.4509
54.2664 50.6043
53.0873 51.2658
51.9723 51.9723
47.8763 51.341
46.5715 51.7229
45.2025 51.9995
42.8567 52.9236
41.9265 53.6635
40.2012 53.3489
38.9702 53.6378
37.2422 55.2139
35.9462 55.3523
34.4977 55.2079
33.7865 56.2302
32.2883 58.2497
31.6424 59.5107
31.5977 62.0141
31.5189 64.6233
30.1392 67.6937
29.2267 68.8538
28.2079 69.8169
25.3779 69.7252
24.1246 70.0629
24.0415 73.9922
22.805 74.5918
20.1879 75.3422
19.0634 76.4593
---------------------------
39
133.471 65.0981
117.079 62.2519
108.103 59.9225
100.632 58.1
91.5892 57.2313
85.796 55.7166
82.9867 55.9752
78.3128 56.8976
75.0717 56.5706
71.6302 55.9636
59.2152 49.6875
55.2447 48.0235
53.3157 49.7177
50.4977 48.765
48.7197 48.7197
46.3077 49.6589
44.8987 49.865
43.5623 50.1127
41.4722 51.2139
40.1411 51.3783
38.6967 51.3523
37.3831 51.4535
35.7883 53.0584
34.3123 52.8362
33.5439 53.6814
31.9 55.2524
31.4641 56.7628
30.8443 58.0097
30.7352 60.3211
31.1682 63.9043
29.285 65.7753
28.5624 67.2889
27.4587 67.9626
24.7623 68.0337
23.506 68.2664
23.578 72.5656
22.4249 73.3486
19.9032 74.2797
18.7973 75.392
---------------------------
39
133.471 65.0981
117.969 60.1083
106.441 59.0013
101.238 58.45
89.3843 55.8535
84.7057 55.0085
81.7431 55.1364
76.3712 55.4869
73.9536 55.7281
70.4482 55.0401
56.6107 47.502
55.1693 47.9579
50.9022 47.4671
49.1309 47.4452
47.5883 47.5883
45.0119 48.2693
43.8281 48.676
42.3814 48.7542
40.4653 49.9705
38.9714 49.8811
37.6736 49.9946
36.3839 50.0782
34.4463 51.0687
33.5498 51.6621
32.643 52.2398
31.2 54.04
30.64 55.276
30.234 56.8618
30.0996 59.0737
30.2476 62.0168
28.4716 63.9482
27.8201 65.5399
26.8968 66.5718
25.3366 66.0041
22.9851 66.7536
23.0836 71.0439
21.9864 71.9141
19.4632 72.6376
18.4344 73.9365
---------------------------
37
119.751 61.0163
109.221 58.0736
101.238 58.45
92.0598 55.3151
85.9921 53.7338
82.5721 55.6956
76.7545 53.7441
74.4296 54.0762
69.5025 54.3013
56.4208 45.6887
53.8108 46.777
51.4256 46.3038
49.6589 46.3077
47.2347 47.2347
45.5696 47.1887
43.9889 47.1723
41.7254 47.9995
40.3671 48.1076
39.1437 48.3385
37.8632 48.4627
35.8549 49.35
34.5293 49.313
32.7328 50.4041
31.9541 51.1373
31.7263 52.8015
30.9 53.5204
30.3491 54.7512
29.3732 57.6481
29.3709 60.2192
28.8648 61.9008
28.3902 63.7655
26.4098 65.3665
24.9424 64.9772
23.7362 65.2147
23.5711 68.4555
22.8982 70.4733
20.4799 71.4217
---------------------------
38
131.044 63.9145
115.92 59.0642
105.129 58.2741
95.1762 54.95
87.1793 54.4757
83.6993 54.355
78.7586 53.1233
74.7532 54.3114
73.3946 55.3068
60.0464 46.9134
55.002 46.1522
52.4523 45.5961
50.6082 45.5678
48.2677 46.6116
46.5276 46.5276
44.8055 46.3974
42.5567 47.264
41.3973 47.6222
39.8528 47.4948
37.6785 48.2263
36.5904 48.557
35.2671 48.541
33.3279 49.4106
32.5694 50.1525
31.9541 51.1373
31.4688 52.3729
29.9128 53.964
29.7175 55.8906
29.7364 58.3609
29.6339 60.7585
27.8615 62.5779
27.1558 63.9751
26.1475 64.7174
24.7274 64.4171
22.5293 65.4299
22.6509 69.7124
21.5186 70.384
20.3696 71.0372
---------------------------
38
136.943 63.8576
119.038 60.6531
107.543 57.1816
98.4671 56.85
89.0597 53.5125
85.0592 53.1509
80.1769 52.0675
75.6077 52.9411
73.6205 53.4885
70.0542 54.7323
55.7214 45.1223
53.9295 45.2523
50.9797 45.9024
49.0007 45.6939
47.4764 45.8475
44.8055 46.3974
43.3069 46.441
41.1349 47.3203
39.7243 47.3415
38.3885 47.4059
37.2475 47.6747
35.0908 48.2983
33.9557 48.4938
33.1601 49.1619
31.6892 50.7133
31.1598 51.8586
30.55 52.9142
30.2521 54.5763
30.187 56.7735
29.1517 59.7698
28.6113 61.357
27.9835 62.8519
27.1558 63.9751
24.5482 63.9503
23.4968 64.5569
23.6688 68.7392
21.4016 70.0015
20.3696 71.0372
---------------------------
38
136.671 63.7308
121.787 59.3993
109.132 58.0267
103.03 57.1106
89.547 51.7
84.9744 53.0979
80.093 52.013
76.3544 51.5017
73.1351 53.1358
69.4014 52.2977
56.0322 45.374
53.8529 45.188
51.3957 44.6776
48.9276 45.6257
47.7642 46.1253
45.3255 45.3255
43.8329 45.3903
41.4861 46.075
40.0852 46.1128
38.8244 46.2691
36.9397 47.2806
35.6876 47.3591
33.7837 48.2481
32.9365 48.8303
32.2971 49.7332
31.7422 50.7981
30.25 52.3945
29.8643 53.8766
29.6706 55.8023
29.7364 58.3609
29.1517 59.7698
27.6581 62.1211
26.9604 63.5148
25.4732 63.0485
23.2574 63.8991
22.8549 66.3754
22.4346 69.0467
20.3972 71.1334
---------------------------
38
137.945 61.4172
123.764 60.3637
111.821 56.9758
103.817 57.5469
90.5863 52.3
85.7167 51.5038
80.093 52.013
76.1886 51.3898
73.8056 51.6792
68.8424 51.8765
56.7368 44.3276
53.5465 44.9309
51.3957 44.6776
49.5678 44.631
48.0499 44.8073
45.0427 45.0427
43.4856 45.0307
42.0111 45.0514
39.8884 45.8863
38.5673 45.9627
37.4446 46.2402
35.4469 47.0396
34.3854 47.3275
33.5542 47.9204
31.9703 49.23
31.5302 50.4589
30.8508 51.3443
30.45 52.7409
29.3889 55.2725
29.237 57.3808
28.7133 58.871
28.4422 60.9945
26.4525 62.3182
25.2859 62.5849
24.2615 63.2034
23.36 64.181
22.2801 68.5712
21.2554 69.5234
---------------------------
38
138.037 61.4579
124.98 58.2791
112.089 57.112
105.424 56.0549
90.0666 52
85.8024 51.5553
80.5646 50.3423
75.8569 51.1662
73.8875 51.7366
69.6564 50.6083
57.5248 44.9433
55.2551 44.7447
51.924 45.1369
49.4191 44.4972
48.0499 44.8073
45.0427 45.0427
43.4856 45.0307
41.8747 44.9051
39.6916 45.6599
38.4387 45.8095
37.3187 46.0848
36.0778 46.1774
34.3854 47.3275
33.4395 47.7566
32.8246 48.6645
31.3712 50.2044
30.7478 51.1729
30.3 52.4811
30.1067 54.3139
29.1008 57.1135
28.4941 58.4216
28.2309 60.5414
27.5361 61.847
25.4358 62.9558
24.2257 63.11
23.189 63.7112
23.5711 68.4555
21.4308 70.0971
---------------------------
39
134.383 59.831
125.831 61.372
116.989 59.609
108.426 57.6511
94.0504 54.3
86.3167 51.8643
80.6494 50.3953
76.1886 51.3898
74.5428 52.1955
69.6564 50.6083
68.1629 53.2547
56.0322 45.374
52.6033 45.7273
50.088 45.0994
48.8544 45.5575
45.5377 45.5377
44.1108 45.6781
42.6249 45.7096
40.0852 46.1128
38.6958 46.1159
37.6963 46.551
35.6274 47.2792
34.5618 47.5702
33.7263 48.1661
32.9365 48.8303
31.3712 50.2044
30.7478 51.1729
30.25 52.3945
29.8158 53.7891
28.7376 56.4007
28.3188 58.0621
28.1041 60.2695
27.414 61.573
25.5482 63.2339
24.4407 63.6702
23.6336 64.9328
22.8549 66.3754
24.4432 75.2286
21.9407 76.5164
---------------------------
38
134.474 59.8716
126.64 61.7665
118.771 60.5169
109.927 58.4492
102.711 59.3
87.3453 52.4824
84.5504 52.833
77.1834 52.0609
75.6897 52.9985
70.3036 51.0785
67.3749 52.6391
59.9957 48.5835
54.7919 47.6299
51.8715 46.7053
49.3664 46.0349
46.7398 46.7398
44.9444 46.5413
43.7843 46.9529
41.1349 47.3203
39.7243 47.3415
38.5773 47.639
37.3091 47.7535
35.3847 48.7028
34.644 49.4768
32.7873 50.488
32.0071 51.2221
31.3658 52.2015
30.8 53.3472
30.2521 54.5763
29.1008 57.1135
28.6695 58.7811
28.3577 60.8133
26.9214 63.4228
26.3348 65.181
25.3008 65.9108
24.6255 67.6579
23.8641 69.3065
21.9571 71.8185
---------------------------
33
136.94 60.9698
129.783 60.5189
120.108 61.1979
114.165 60.7027
87.8578 54.8996
81.7431 55.1364
78.0652 54.6618
73.9442 53.7236
69.5814 54.3629
67.9226 55.0026
65.1904 54.7012
57.2222 51.5231
53.3888 49.7859
49.9924 49.9924
47.7925 49.4906
45.8985 49.2201
43.8247 50.4146
42.1026 50.1759
40.5282 50.0482
38.5763 51.1925
37.3244 51.3726
36.1927 51.6885
35.2292 52.2294
33.5439 53.6814
32.8594 54.6873
32.3 55.9452
31.7065 57.2001
30.3266 59.5192
29.9846 61.4775
29.4565 63.1697
29.4477 66.1407
28.133 69.6315
29.5654 77.0204
---------------------------
28
151.423 64.2753
137.215 61.0918
131.404 64.0899
127.058 64.7391
124.584 66.2424
124.283 68.8914
86.8301 60.7991
85.2704 61.9526
77.9343 60.8889
73.4403 59.4708
70.3995 59.0722
68.1503 59.2421
63.4815 59.1975
61.7194 59.6017
54.6001 56.5401
53.1959 57.0456
49.248 54.6955
46.6664 55.6148
44.9335 55.4882
43.4041 55.5548
40.9686 56.3885
40.093 57.2587
38.5284 57.1207
36.5644 58.5153
35.5376 59.1445
35.05 60.7084
35.1002 63.3225
34.4998 70.7351
