---------------------------
28
125.379 66.665
82.9775 64.8292
79.3466 64.2536
75.149 63.0575
71.4905 64.3704
68.5278 63.9032
65.0283 62.7971
61.7551 63.9493
57.6971 61.8725
55.3371 61.4581
52.0015 61.973
49.968 61.7054
47.6522 60.992
44.6129 61.4044
43.0756 61.5183
41.3244 61.2659
40.1944 61.8939
37.9583 63.1732
35.65 61.7476
33.5488 60.5237
31.0076 60.8557
29.4147 60.3091
27.9773 59.9976
26.2962 61.95
25.6606 63.5121
25.1574 65.5373
25.9251 71.2287
25.2966 73.4668
---------------------------
33
92.0232 62.0704
80.3354 58.3671
76.9885 58.015
75.0186 58.611
70.7059 59.3293
68.6786 59.7014
65.3224 58.8166
62.7264 60.5742
59.2556 59.2556
57.7956 59.8491
54.0658 60.0461
47.4987 54.641
44.8666 53.4699
42.5422 54.4515
40.3818 53.5884
38.9114 53.5569
37.0186 54.8823
35.0203 53.9265
32.7049 54.4301
31.75 54.9926
30.2036 54.4888
28.8256 54.213
26.7845 54.9163
25.991 55.7379
24.6889 55.4522
23.8737 56.2428
22.0755 57.5086
21.2737 58.4489
20.7061 60.135
20.1479 62.0089
18.578 64.789
17.9103 66.8421
17.0738 73.9547
---------------------------
37
133.561 65.142
127.592 65.0114
81.2599 56.8988
76.5093 57.6539
74.073 57.8722
71.342 57.7716
67.9993 59.1109
66.0656 59.4857
55.7291 51.9683
52.0431 52.0431
50.0849 51.8644
48.2173 51.7067
45.1369 51.924
43.4524 51.7846
42.4791 52.4574
39.6596 52.6301
38.2648 52.667
37.1104 52.9991
35.6206 52.8097
33.2259 53.1726
32.0869 53.4015
31.15 53.9534
28.6378 53.8598
27.421 53.8168
26.4338 54.1973
24.6076 55.2695
23.4439 55.2303
22.5139 55.7237
21.8604 56.9484
20.055 58.2439
19.0663 58.6802
18.4194 60.2472
17.8337 62.1936
16.0394 64.3306
15.4991 67.1341
14.7825 69.5463
14.1771 72.9349
---------------------------
36
80.2545 58.3083
76.7489 57.8344
73.6734 59.6596
70.6293 59.265
68.905 59.8982
56.8262 52.9913
54.0943 52.2383
51.4067 51.4067
48.8311 52.3649
47.9767 53.2835
45.2025 51.9995
42.9826 53.0791
41.6187 53.2695
39.9003 52.9495
37.684 53.8183
36.6831 54.3849
34.8024 53.591
32.6534 54.3444
31.5 54.5596
30.3006 54.6637
27.9658 54.886
26.8722 55.0961
25.8642 55.466
24.8109 55.7263
22.6637 56.0946
21.8604 56.9484
21.1026 57.979
19.1282 58.8704
18.3025 59.8647
17.6132 61.4246
16.9526 63.2681
16.3781 65.689
14.5746 68.5681
13.9291 71.6588
13.1799 74.7469
11.3565 80.8059
---------------------------
36
90.1067 63.0934
80.5823 60.7231
76.2794 59.596
74.2952 60.163
70.037 60.8823
68.295 61.4931
56.612 54.6696
53.6694 53.6694
51.1269 52.9434
49.2403 52.8037
47.1706 54.2636
44.8023 53.3933
42.4806 54.3727
41.5854 55.1857
39.4404 54.285
38.1428 54.4736
36.1096 55.6039
34.4977 55.2079
33.117 55.1159
31.0278 55.9757
29.9523 56.3321
28.4652 55.8661
26.3291 56.463
25.3804 57.0052
24.3425 57.3475
23.1881 57.3927
21.2052 58.2609
20.348 59.0949
19.4372 59.8215
17.503 61.0401
16.7456 62.4954
16.1604 64.8158
15.6566 67.8162
14.9904 70.5244
12.8326 72.7773
12.0924 76.3483
---------------------------
38
134.46 65.5803
126.615 67.3222
80.183 60.4222
75.7717 61.3587
73.8467 61.9647
70.7163 61.4727
59.971 55.9239
56.612 54.6696
53.9522 53.9523
50.5361 54.1933
48.6458 54.0266
47.2362 54.3391
44.2412 54.6334
42.7269 54.6879
41.4049 54.9461
38.8311 55.4566
37.5218 55.6284
36.4364 56.1071
33.7865 56.2302
32.5 56.2917
31.2702 56.413
29.1008 57.1135
27.8366 57.0734
26.5827 57.0068
25.6244 57.5534
23.4878 58.1344
22.4697 58.5355
21.5473 59.2006
20.8038 60.4186
18.6533 61.0122
17.8337 62.1936
17.2115 64.2341
16.5475 66.3682
14.6994 69.155
13.8909 71.4625
13.1799 74.7469
12.0767 76.2495
9.74955 79.4037
---------------------------
40
133.384 67.9624
78.9587 61.6893
75.8494 61.4217
73.4637 61.6433
69.9299 62.9652
59.6785 55.6511
56.3962 54.4612
53.0719 54.9576
50.5361 54.1933
49.1142 54.5468
46.0879 54.9254
44.3671 54.7888
41.9465 55.6649
40.5572 55.8222
39.0606 55.7843
37.7455 55.96
35.2926 56.48
33.838 56.3159
32.65 56.5515
31.6096 57.0252
29.1916 57.2917
27.9681 57.3431
26.8363 57.5505
24.8505 58.5441
23.7126 58.6907
22.6847 59.0956
20.7387 60.2295
19.7462 60.7725
18.858 61.6817
18.1369 63.251
16.3297 65.495
15.6566 67.8162
14.9073 70.1332
14.1962 73.0331
13.2146 74.9439
10.7302 76.3497
9.518 77.5179
8.53998 81.2524
7.1642 81.8872
5.78281 82.6981
---------------------------
42
169.489 68.4781
134.186 68.371
89.72 65.1854
79.5891 62.1818
76.3157 61.7993
73.8467 61.9647
70.5244 63.5005
59.7516 55.7193
55.5079 55.5079
53.5582 55.4611
50.8771 54.559
48.2859 55.5466
46.345 55.2318
44.6188 55.0997
42.1872 55.9843
40.6747 55.984
39.2326 56.03
36.8721 56.778
35.3456 56.5648
33.9925 56.573
32.8 56.8113
30.7034 57.7448
29.1462 57.2026
28.0119 57.4329
25.9498 58.2842
25.0068 58.9123
23.825 58.9689
22.7922 59.3757
20.9015 60.7023
19.808 60.9627
19.0334 62.2554
18.3023 63.8278
16.4265 65.8831
15.7016 68.011
15.032 70.7201
14.3298 73.7202
11.9516 75.4594
10.7302 76.3497
9.65205 78.6096
8.43545 80.2579
7.12062 81.3891
4.31772 82.3869
---------------------------
40
87.9298 66.2598
79.5891 62.1818
76.238 61.7363
72.6031 63.1129
71.119 64.0358
58.9859 56.962
55.5786 55.5786
53.2803 55.1734
49.8502 55.3643
48.3515 55.6221
46.4093 55.3084
44.7447 55.2551
42.3678 56.2239
40.6747 55.984
39.3473 56.1938
36.981 56.9457
35.3986 56.6496
33.9925 56.573
31.9005 57.55
30.7504 57.8331
29.237 57.3808
28.0558 57.5228
26.0311 58.4669
25.0068 58.9123
23.8624 59.0616
21.8209 59.9524
20.9666 60.8914
19.9007 61.248
19.1211 62.5423
17.315 64.6204
16.5716 66.4653
15.8366 68.5957
15.0944 71.0135
14.4061 74.1129
11.9829 75.6569
10.7859 76.7458
9.74955 79.4037
8.48771 80.7552
5.72003 81.8003
4.33865 82.7864
---------------------------
40
130.058 69.1532
79.1163 61.8124
74.9958 62.9289
72.5276 63.0473
71.1933 64.1027
58.1946 56.1979
55.5786 55.5786
53.0024 54.8856
49.9171 55.4386
48.614 55.924
46.2807 55.1552
43.6504 55.87
42.3678 56.2239
40.7335 56.0649
38.3047 56.7891
37.0899 57.1135
35.3986 56.6496
33.1 57.3309
31.949 57.6374
30.7034 57.7448
29.2824 57.4699
27.1744 58.2756
26.0718 58.5583
25.0068 58.9123
22.828 59.4691
21.8893 60.1403
21.1294 61.3642
19.9934 61.5334
18.1094 63.1549
17.4185 65.0068
16.6926 66.9504
15.949 69.0828
15.3023 71.9917
13.2494 75.1408
12.0455 76.052
10.8555 77.2409
9.7983 79.8007
8.49816 80.8546
5.72003 81.8003
4.40669 84.0846
---------------------------
36
75.149 63.0575
72.1502 62.7192
61.2143 57.0833
58.4104 56.4063
54.9422 54.9422
51.7637 55.5097
49.9171 55.4386
48.7452 56.0749
45.3111 55.9545
43.712 55.9488
42.2474 56.0642
39.6915 56.6853
38.3047 56.7891
37.0355 57.0296
35.3986 56.6496
33.15 57.4175
31.949 57.6374
29.6002 58.0936
28.3188 58.0621
27.1744 58.2756
26.0718 58.5583
23.8999 59.1543
22.8997 59.6558
21.9235 60.2343
21.1294 61.3642
19.0334 62.2554
18.1921 63.4433
17.4962 65.2966
16.8378 67.5326
14.9073 70.1332
14.1771 72.9349
13.3014 75.4363
12.1237 76.5458
9.85923 80.297
7.09448 81.0902
5.74793 82.1993
---------------------------
39
80.4559 62.859
77.1706 62.4915
75.532 63.3789
71.1933 64.1027
60.5561 56.4695
56.215 56.215
54.3918 56.3243
51.5591 55.2903
48.8108 56.1504
46.7949 55.768
45.2481 55.8768
42.8492 56.8628
41.0274 56.4694
39.5194 56.4396
38.2488 56.7062
35.7166 57.1584
34.4045 57.2588
33.15 57.4175
31.0321 58.3628
29.5548 58.0045
28.2311 57.8823
26.1125 58.6496
25.0849 59.0964
23.8624 59.0616
22.9355 59.7491
21.1619 61.4587
19.9934 61.5334
19.1796 62.7336
18.4401 64.3084
16.6442 66.7563
15.9265 68.9854
15.136 71.2091
14.4061 74.1129
12.1393 76.6446
10.8694 77.3399
9.57893 78.0141
8.45635 80.4568
7.2165 82.4849
5.75491 82.299
---------------------------
39
79.6679 62.2434
75.7618 63.5717
72.8295 63.3097
70.4501 63.4336
59.2736 57.2399
56.0736 56.0736
53.6971 55.605
50.4524 56.0331
49.0076 56.3768
46.7307 55.6914
44.3276 56.7368
43.451 57.6615
41.145 56.6312
38.7521 57.4523
37.6346 57.9521
35.7696 57.2432
33.4 57.8505
32.2883 58.2497
30.8912 58.098
28.538 58.5115
27.3011 58.5475
26.3159 59.1064
25.0849 59.0964
22.9355 59.7491
21.9577 60.3283
21.1619 61.4587
20.1788 62.104
18.3023 63.8278
17.5479 65.4898
16.9829 68.1148
16.2415 70.3495
15.5102 72.9698
13.3014 75.4363
12.3896 78.2249
11.106 79.0234
9.81048 79.9
8.61315 81.9486
5.84559 83.5959
4.45379 84.9834
---------------------------
39
131.958 67.236
126.88 67.4631
117.603 70.6632
78.2586 63.3726
75.6852 63.5074
71.4162 64.3035
69.3323 64.6535
59.921 57.865
55.4337 57.4033
53.1959 57.0456
49.7949 57.2825
48.7876 58.1428
46.0033 56.8094
44.5739 57.052
42.1442 58.0065
40.4371 57.7502
39.0876 57.9497
36.6704 58.6849
35.0226 58.2874
33.8 58.5433
31.5485 59.3341
30.0088 58.8955
28.7133 58.871
26.5599 59.6545
25.5147 60.109
24.1996 59.8961
23.2222 60.496
21.4224 62.2151
20.3951 62.7697
19.4427 63.5943
18.7158 65.2697
16.8378 67.5326
16.1515 69.9598
15.4478 72.6764
14.7495 75.8798
13.9092 78.8831
11.6488 82.8854
10.1517 82.6791
7.45182 85.1746
---------------------------
34
80.2792 65.0088
77.2939 64.8573
74.7162 64.9498
70.2831 65.54
68.625 66.2704
58.8313 58.8313
54.7645 58.7277
52.9282 58.7828
50.1229 57.6598
47.9542 59.2185
45.6205 58.3916
44.2334 58.6997
42.5557 58.5728
39.8145 59.0275
38.506 59.294
36.9884 59.1938
34.4 59.5826
33.161 59.824
32.018 60.217
29.2832 60.0394
28.1041 60.2695
27.048 60.7508
24.7615 61.2868
23.6881 61.7097
22.7785 62.5835
21.8131 63.3497
19.6766 64.3593
18.8812 65.8464
18.1432 67.7114
17.4184 69.8613
15.531 73.0676
14.7495 75.8798
14.1176 80.0649
10.4686 85.2597
---------------------------
30
80.2792 65.0088
77.2173 64.793
74.0915 66.7123
70.6488 65.881
68.1215 65.7841
64.117 66.3951
61.7209 66.1875
59.2181 65.7683
52.0015 61.973
49.087 60.6174
46.4824 59.4948
44.0251 60.5954
42.1579 60.2077
40.4856 60.0223
38.2602 61.2291
36.4647 60.6874
34.85 60.362
32.6283 61.3649
31.0529 60.9448
29.6339 60.7585
27.292 61.2989
26.179 61.6738
25.0237 61.9359
24.2257 63.11
22.1061 64.2007
21.2913 65.5278
20.6414 67.5151
20.1215 70.1721
18.1683 72.8692
17.1319 80.5994
---------------------------
23
135.433 84.6281
80.2048 67.2999
77.4332 67.3117
73.8686 66.5116
69.9198 67.5208
67.1751 67.1751
64.1864 66.467
60.0879 66.7344
57.274 65.8861
55.0226 65.5734
51.5924 66.0353
49.7099 65.9673
47.6694 65.6113
44.3999 65.8256
42.6452 65.6679
40.8038 65.2997
38.35 66.4241
36.894 66.5586
34.9287 65.6913
32.0888 65.7917
31.0202 66.523
30.1799 67.7851
28.7578 67.7492
