---------------------------
30
168.221 48.2365
164.723 53.5217
160.171 55.1512
151.666 55.2021
143.992 58.1764
137.984 58.5706
133.378 59.3836
100.305 48.9222
97.4761 49.6666
98.6252 52.44
104.096 60.1
102.26 61.444
92.7765 57.9732
90.7441 58.9299
88.4684 61.9463
83.5715 60.7182
80.5025 60.663
77.0929 62.4286
72.4678 60.8077
65.5843 57.0115
62.3845 58.1745
59.3455 57.3093
55.3665 55.3665
53.4005 57.265
53.1959 59.08
54.0593 62.1881
53.8013 64.1179
53.1932 68.0841
53.8624 71.4779
45.8538 67.9811
---------------------------
32
168.029 48.1814
163.911 50.1125
155.727 53.6211
151.478 55.1336
144.985 55.6545
137.984 58.5706
98.2061 43.7242
95.9013 46.7742
90.6154 46.1708
87.5884 46.5716
77.7691 44.9
77.4879 46.5594
72.1689 45.0961
72.0418 46.7845
68.9726 48.2951
66.3394 48.1984
64.5298 48.6267
63.4928 51.4155
59.7515 50.1374
58.0372 50.4509
54.9247 51.2181
52.9434 51.1269
51.1945 51.1945
49.1039 52.6575
47.6421 52.9119
46.6458 53.6599
45.895 54.6956
44.3892 56.8156
44.5945 59.1789
44.2015 60.8381
45.3699 64.7949
43.5711 67.0936
---------------------------
35
166.971 47.8782
163.815 50.0833
155.538 53.556
150.445 54.7574
145.358 55.7979
139.356 56.3034
133.469 59.4242
97.8812 45.6428
92.5756 47.1696
90.6787 48.2147
86.2375 47.8022
78.4308 47.126
77.4268 48.3816
73.6353 47.8193
71.512 50.0732
68.8473 50.0205
66.2069 49.8905
63.726 51.6043
63.1987 53.03
60.0749 52.2223
57.0456 53.1959
55.1014 53.2108
53.3866 53.3866
51.6131 53.4469
49.1142 54.5468
47.7611 54.9429
46.7307 55.6914
45.0664 57.6824
44.4741 59.0192
44.3778 61.0808
44.2227 63.1566
43.3533 66.7582
43.0824 68.9463
42.2331 70.2877
41.7 72.2265
---------------------------
35
168.221 48.2365
164.006 50.1418
159.492 51.8222
150.539 54.7916
147.973 56.8013
141.396 57.1275
135.498 57.5156
128.877 60.0963
120.888 58.9609
95.8881 50.9846
92.1849 51.0989
88.8542 51.3
84.9453 51.0403
80.2608 52.122
77.0176 51.949
74.0513 51.8513
70.1202 52.8394
68.0053 53.1316
76.1603 61.6734
64.5277 56.093
61.3094 55.2033
59.4591 55.4465
55.9321 55.9321
53.9055 55.8208
52.2411 56.0217
49.4012 56.8296
48.2091 57.4533
47.0732 58.1305
46.113 59.022
44.6129 61.4044
44.5669 63.6481
44.0644 65.3282
44.6604 68.771
42.9542 71.4878
41.9 72.5729
---------------------------
34
166.683 47.7955
160.253 52.0694
152.89 52.6444
150.351 54.7232
142.879 57.7269
138.168 58.6487
133.378 59.3836
97.0698 47.3441
96.2287 49.031
91.4852 50.7111
88.9408 51.35
84.5167 50.7828
81.0734 50.6603
77.8466 52.5082
75.2801 52.7117
72.3261 52.548
68.8721 53.8088
75.8494 61.4217
66.8757 56.1154
62.3498 56.1401
60.3367 56.2649
57.6191 55.6421
56.2857 56.2857
53.4687 57.3381
51.7238 57.4451
50.1229 57.6598
48.0801 59.374
47.1597 60.3616
46.5203 61.7345
46.4938 63.9932
44.9591 66.6546
45.6408 70.2806
44.6722 71.4905
43.6237 72.6021
---------------------------
34
168.029 48.1814
162.667 49.7324
155.443 53.5234
148.941 54.2102
145.358 55.7979
139.088 59.0395
133.286 59.3429
127.699 59.5469
95.6941 48.7586
90.5904 48.1678
89.2987 49.4991
84.5167 50.7828
80.4798 50.2893
77.4932 50.3246
74.379 52.0807
71.5171 51.9602
68.9222 51.9366
66.446 53.8069
66.1096 55.4726
64.2258 55.8306
60.9379 54.8687
57.9069 55.92
56.2857 56.2857
54.4612 56.3962
51.7907 57.5194
50.0573 57.5843
49.0447 58.4492
47.0365 60.204
46.3398 61.4949
46.3175 63.7505
46.4023 66.2694
45.6408 70.2806
44.8842 71.8297
41.95 72.6595
---------------------------
35
168.509 48.3192
164.006 50.1418
157.712 54.3048
150.633 54.8258
147.692 56.6938
141.117 57.0151
134.474 59.8716
128.786 60.0541
121.697 59.3555
90.6787 48.2147
87.3745 48.4325
81.9452 49.2376
77.5116 48.4346
75.3965 48.9631
70.9386 49.6717
70.3036 51.0785
68.2833 51.4552
67.0597 52.3928
63.8881 53.6085
62.2635 54.1249
59.7488 53.7981
58.1946 56.1979
56.2857 56.2857
54.0444 55.9646
52.3775 56.168
49.8605 57.3579
49.0447 58.4492
47.6395 58.8299
45.9185 60.9359
45.5534 62.6988
45.6567 65.2045
45.8538 67.9811
44.6192 71.4056
43.6237 72.6021
41.7 72.2265
---------------------------
36
169.663 48.65
164.389 50.2587
160.063 52.0076
151.009 54.9626
148.813 57.1239
141.488 57.165
134.383 59.831
128.786 60.0541
121.787 59.3993
113.603 57.8838
105.829 58.662
82.359 47.55
79.5469 49.7064
76.99 49.9979
74.5305 50.2714
70.3036 51.0785
68.0437 51.2746
64.8533 50.6689
62.5858 52.5157
60.3768 52.4847
58.2626 52.4598
56.9717 55.0169
55.4372 55.4372
53.5582 55.4611
52.0365 55.8023
49.6637 57.1315
48.2733 57.5299
47.262 58.3637
46.4824 59.4948
45.0243 61.9707
45.1978 64.5492
44.9591 66.6546
45.6408 70.2806
43.6752 72.6878
41.9 72.5729
40.1907 72.506
---------------------------
36
165.823 50.6973
161.489 52.4711
156.2 53.7839
148.999 57.1955
142.694 57.652
136.787 58.0627
131.094 58.3667
122.865 59.9253
115.029 58.6102
106.441 59.0013
103.23 59.6
80.5737 48.4136
75.9836 49.3443
73.7014 49.7122
71.1024 49.7864
68.9222 51.9366
64.6169 50.4842
63.4151 51.3525
59.3956 51.6318
58.2626 52.4598
57.7038 53.8097
55.0836 55.0836
53.6971 55.605
51.9683 55.7291
50.787 56.4047
48.1448 57.3767
47.3878 58.5191
46.3593 59.3372
44.7305 61.5662
44.4522 63.4843
44.6236 66.1572
45.1506 69.5258
44.8842 71.8297
42.35 73.3523
40.2392 72.5934
38.4967 72.4017
---------------------------
37
166.875 47.8507
162.536 52.811
155.065 53.3932
150.351 54.7232
143.064 57.8018
137.892 58.5315
133.286 59.3429
124.842 60.8898
116.989 59.609
109.221 58.0736
102.884 59.4
81.0023 48.6711
78.7837 49.2295
74.945 50.551
71.512 50.0732
69.8182 50.7259
66.7445 52.1465
63.726 51.6043
60.9005 51.1016
58.7828 52.9282
57.9232 54.0143
56.0366 54.1139
54.5886 54.5886
51.9683 55.7291
50.5194 56.1074
49.3356 56.7542
46.9473 57.9751
46.1746 59.1008
45.437 60.297
44.9068 61.8089
44.2322 65.5769
44.497 68.5194
44.6192 71.4056
43.6237 72.6021
40.4331 72.9433
38.3558 72.1368
36.7278 72.0824
---------------------------
38
169.663 48.65
164.389 50.2587
159.873 51.9458
150.915 54.9284
147.879 56.7655
141.303 57.09
134.383 59.831
128.968 60.1386
121.517 59.2678
112.576 59.8576
105.742 58.6135
81.926 47.3
78.9533 49.3355
75.9836 49.3443
73.2322 51.2777
69.98 50.8434
68.6028 51.6959
63.8037 51.6672
61.207 51.3587
59.4711 51.6975
58.4855 52.6606
56.3243 54.3918
54.8715 54.8715
53.1414 55.0295
50.8539 56.479
49.5325 56.9806
48.1448 57.3767
46.0515 58.9432
45.1963 59.9775
44.7305 61.5662
44.5095 63.5662
43.5711 67.0936
44.1953 70.7272
43.0572 71.6592
41.7 72.2265
38.4967 72.4017
36.9094 72.4388
34.8943 71.544
---------------------------
38
165.728 50.668
161.489 52.4711
154.12 53.0676
148.906 57.1597
142.879 57.7269
137.708 58.4534
130.871 61.0261
122.775 59.8815
114.316 58.247
106.704 59.1468
82.0126 47.35
80.3166 48.2591
77.4932 50.3246
74.6134 50.3274
71.5939 50.1306
68.9222 51.9366
64.4593 50.3611
63.726 51.6043
59.1692 51.435
58.8571 52.9951
57.7038 53.8097
56.1085 54.1834
53.836 55.7488
52.1729 55.9486
50.7201 56.3304
48.3376 57.6065
47.0732 58.1305
46.1746 59.1008
45.6778 60.6164
44.3375 63.3205
44.344 65.7427
45.3684 69.8613
44.8842 71.8297
41.95 72.6595
39.9968 72.1561
38.168 71.7836
35.0697 71.9035
32.2035 69.0607
---------------------------
40
165.823 50.6973
161.489 52.4711
152.89 52.6444
150.445 54.7574
142.879 57.7269
137.892 58.5315
132.099 58.8141
124.483 60.7144
116.098 59.155
86.2375 47.8022
82.0126 47.35
80.5737 48.4136
77.9125 50.597
74.5305 50.2714
72.413 50.7042
69.8182 50.7259
64.5381 50.4227
63.726 51.6043
62.5858 52.5157
59.4516 53.5304
57.6307 53.7415
56.612 54.6696
53.975 55.8927
52.3093 56.0948
51.0547 56.702
49.4669 56.9051
47.199 58.2859
46.2977 59.2584
45.6176 60.5366
44.3948 63.4024
44.5118 65.9914
45.6408 70.2806
44.8842 71.8297
43.3662 72.1735
40.4331 72.9433
38.3089 72.0485
35.0259 71.8136
32.6684 70.0576
31.034 69.7035
25.2069 69.2553
---------------------------
42
166.875 47.8507
161.775 52.5638
155.349 53.4909
150.445 54.7574
144.084 58.2139
138.168 58.6487
133.378 59.3836
125.651 61.2843
116.9 59.5636
89.1777 47.4166
84.3509 48.7
80.0594 48.1046
79.5469 49.7064
74.116 49.9918
72.8226 50.9909
69.4946 50.4908
66.2717 51.7771
64.0368 51.856
62.8156 52.7086
61.3579 53.3376
58.2158 54.2871
57.2594 55.2948
55.6493 55.6493
52.6503 56.4605
51.1216 56.7763
49.5981 57.056
47.7654 58.9854
46.4824 59.4948
45.7379 60.6963
45.5534 62.6988
44.7354 66.323
45.1506 69.5258
44.6722 71.4905
42.35 73.3523
40.4331 72.9433
38.3558 72.1368
36.5008 71.6369
32.6684 70.0576
32.0102 71.896
29.7737 70.1425
26.5192 69.085
25.3095 69.5373
---------------------------
40
168.509 48.3192
164.102 50.171
157.334 54.1745
149.317 54.347
146.479 56.2279
141.025 56.9777
134.017 59.6683
127.971 59.6737
119.899 58.4787
90.6787 48.2147
86.8497 48.1416
82.4595 49.5467
79.7165 49.8124
76.2352 49.5077
71.9216 50.36
70.3036 51.0785
67.7243 51.0339
65.4357 52.9888
63.1987 53.03
61.6598 53.6
59.7516 55.7193
57.6191 55.6421
55.9321 55.9321
54.0444 55.9646
51.5231 57.2222
49.8605 57.3579
48.8519 58.2194
47.6395 58.8299
45.7981 60.7762
45.4946 62.6179
45.8861 65.5322
45.8538 67.9811
44.9372 71.9145
43.8812 73.0307
42.35 73.3523
38.8722 73.1081
36.7278 72.0824
34.0614 69.8363
29.8128 70.2345
27.666 72.0724
---------------------------
38
169.47 48.5949
165.441 50.5803
160.158 52.0385
153.358 55.8177
148.906 57.1597
141.303 57.09
135.406 57.4766
128.877 60.0963
121.607 59.3116
96.5945 51.3602
86.325 47.8507
84.8705 49
78.2748 48.9116
75.9836 49.3443
72.4579 48.8735
69.4137 50.432
67.325 50.733
67.3749 52.6391
65.1248 52.7371
62.1126 53.9937
61.3094 55.2033
58.874 54.9009
56.5685 56.5685
54.7391 56.684
52.9913 56.8262
50.5821 58.1881
49.0447 58.4492
47.8913 59.1408
47.1597 60.3616
45.5534 62.6988
45.6567 65.2045
45.6861 67.7324
46.3488 71.3709
44.2418 73.6307
42.55 73.6988
40.1907 72.506
38.168 71.7836
34.3683 70.4655
---------------------------
39
166.015 50.7557
163.296 53.0582
160.076 55.1187
149.56 57.4105
144.084 58.2139
138.996 59.0004
133.469 59.4242
126.73 61.8103
118.86 60.5623
95.5959 52.9897
86.4293 49.9
81.688 49.0831
77.9964 50.6514
77.1005 52.0049
74.9524 52.4822
73.4587 53.3709
69.6601 54.4245
67.1454 54.3733
66.1862 55.5368
64.505 58.0805
60.9949 56.8787
58.9859 56.962
56.4757 58.4823
54.8327 58.8008
53.5304 59.4516
51.6318 59.3956
49.087 60.6174
48.4526 62.0164
47.9045 63.5714
47.7869 65.7731
46.4689 68.893
46.5666 71.7063
46.5269 74.4586
44.4478 73.9735
41.2573 74.4301
38.8722 73.1081
36.7278 72.0824
33.6404 72.1421
27.5585 71.7923
---------------------------
42
168.317 48.2641
164.006 50.1418
160.063 52.0076
155.707 56.6727
149.093 57.2314
143.157 57.8393
137.945 61.4172
133.137 62.0826
127.719 62.2925
121.533 61.9243
96.2082 53.3291
93.4441 53.95
89.8083 56.1185
87.2217 56.6425
85.1422 57.4291
85.1918 59.652
85.1345 64.1535
83.0563 64.8907
79.4243 64.3165
74.8672 65.0811
73.3484 66.0432
71.5995 66.7676
65.6902 65.6902
63.075 65.3161
60.9707 65.383
58.8835 65.3967
53.8656 64.1945
53.5552 66.1351
52.6391 67.3749
51.0198 70.2227
50.36 71.9216
50.0478 74.1989
50.3246 77.4932
48.1561 80.1451
45.7 79.1547
42.3239 76.3543
38.226 75.0227
35.9464 73.7011
33.9785 72.8671
32.3762 72.7182
29.6688 73.433
26.575 73.0141
---------------------------
38
159.777 51.9149
155.821 53.6536
156.365 56.9122
156.842 60.2058
133.562 68.0532
128.91 68.5429
125.333 69.4732
118.803 71.3843
114.656 71.6451
112.633 73.145
112.169 75.6588
102.341 74.3548
92.0028 69.3291
88.0208 68.7694
83.1924 69.8067
79.9992 69.5423
75.5488 70.4504
72.4375 69.9521
69.7207 69.7207
66.3399 68.697
62.4968 69.4097
61.1447 70.3389
59.7792 71.2421
57.749 73.9154
56.691 75.2315
55.7808 76.7757
54.8913 78.3928
52.3943 80.6801
51.9321 83.1087
50.7828 84.5167
46.9296 84.6632
41.9238 78.8472
38.8162 76.1811
36.341 74.51
33.5558 75.3675
30.7177 76.0291
27.6694 76.0211
25.2158 77.6062
---------------------------
32
164.747 83.9428
156.12 86.5385
148.61 85.8
138.604 83.2817
129.071 83.8199
123.029 82.9842
118.367 82.8818
111.809 84.2541
105.357 82.3139
95.2781 77.1547
88.301 76.7589
84.4956 76.0801
80.522 75.088
78.1203 75.4399
74.12 76.7536
71.4734 76.6459
69.255 76.9155
65.2429 77.7535
63.5614 78.4917
61.9355 79.2739
59.0136 81.2253
57.6444 82.3248
56.2548 83.4012
54.8996 84.538
49.3051 88.9488
46.9426 92.1301
40.5055 83.0486
37.5285 80.4801
33.7201 79.4396
32.1787 79.6451
30.8196 80.2879
29.1401 80.0618
---------------------------
23
166.44 84.8054
159.195 84.6457
153.027 88.35
145.376 87.3505
134.246 83.8862
126.345 85.221
119.678 83.7995
114.961 83.5243
108.745 84.9613
105.226 85.21
101.884 85.4908
92.5215 83.3068
87.3968 81.4988
83.5873 80.7193
79.5384 82.3644
76.111 81.6191
73.2029 81.3
70.4607 81.0558
65.4493 80.8232
63.1669 80.8499
58.2754 83.2258
57.0936 84.6447
55.9344 86.1315
---------------------------
24
170.411 83.1152
166.975 85.0778
160.961 85.5847
154.845 89.4
148.547 89.2561
142.557 89.0794
138.381 89.8654
133.931 93.7797
124.346 90.3426
118.438 89.2492
112.142 90.8109
108.089 90.6973
104.754 91.061
101.439 94.5932
94.3055 91.0697
92.9138 92.9138
92.6674 95.9599
70.8938 94.0793
67.3014 92.6324
60.6724 89.9506
58.7121 90.4087
56.8073 90.9108
55.1606 91.8026
51.9716 93.7592
