---------------------------
21
83.0563 64.8907
79.8129 64.6312
76.2257 66.262
72.7539 65.5079
70.795 66.0174
65.3367 65.3367
61.6857 63.8774
57.7653 61.9457
53.7312 61.8107
51.6801 61.59
50.031 61.7831
47.1823 62.613
44.3778 61.0808
42.6167 60.863
39.1051 60.2165
37.9422 60.7202
36.9282 61.4589
33.7912 60.961
32.3466 60.8351
31.3253 61.4795
29.4142 63.079
---------------------------
33
92.5206 62.4059
80.7684 56.5546
77.5038 56.3098
74.467 58.18
70.5649 57.1423
67.6417 56.7581
64.1334 57.746
60.7755 56.6741
58.9859 56.962
55.1559 57.1156
53.0595 56.8993
46.5715 51.7229
44.2881 52.7805
41.9127 51.7579
40.2643 51.5359
37.7358 51.9389
36.3074 51.8523
34.8377 51.649
32.3251 51.7309
30.7993 51.2586
28.7977 51.9524
27.8866 52.4471
26.74 52.4803
25.9516 53.2086
23.9568 53.8078
23.2094 54.678
22.5513 55.8165
21.8246 56.855
20.2829 58.9058
19.7153 60.6774
19.2381 62.9249
18.578 64.789
18.1432 67.7114
---------------------------
35
82.6929 53.7014
78.7586 53.1233
74.106 53.8411
71.6376 53.9828
58.3637 47.262
55.5382 46.6021
52.5278 45.6617
49.8783 46.5123
48.4835 46.82
46.2448 46.2448
44.1935 47.3917
42.4898 47.1897
40.8069 46.9429
38.6403 47.7168
37.3091 47.7535
35.7478 47.4389
33.6116 48.0023
32.7128 48.4987
31.3712 48.3074
29.2027 48.6014
28.15 48.7572
27.2948 49.2411
25.3781 49.8073
24.3734 49.9729
23.7089 50.8439
22.9399 51.524
21.0154 52.015
20.1761 52.5606
19.4267 53.3745
18.7853 54.5564
17.1915 56.2307
16.5658 57.7718
15.9433 59.501
15.3378 61.5168
14.7343 63.8212
---------------------------
39
82.1897 53.3746
77.515 52.2845
64.4673 45.1405
59.6581 44.9556
56.4216 44.0814
53.6997 45.0594
50.792 44.1528
49.1962 44.2964
46.4693 44.8749
44.6184 44.6184
43.1383 44.671
41.8065 44.832
39.4291 45.358
38.1816 45.503
36.8782 45.5408
34.6645 46.0014
33.5625 46.1949
32.5791 46.5278
30.5542 47.0494
29.3045 46.8971
28.2756 47.0585
26.4706 47.7542
25.6331 48.2089
24.4701 48.0253
22.6523 48.5781
22.0045 49.4228
21.2948 50.1675
19.4594 50.6934
18.7085 51.4012
18.0039 52.2872
17.4286 53.6396
16.8698 55.1788
15.2703 56.9896
14.6363 58.7029
13.9695 60.5084
13.3271 62.6993
11.4434 64.8988
10.4185 65.78
9.38027 66.7441
---------------------------
40
68.771 44.6604
65.1226 45.5993
60.9999 44.319
58.0608 43.752
54.7888 44.3671
52.5506 44.0952
50.4146 43.8247
48.1962 44.9437
45.8219 44.2497
43.4161 44.9587
42.4203 45.4902
40.6162 45.1089
39.2323 45.1316
37.2558 46.007
35.8315 45.8622
34.5442 45.8417
32.5791 46.5278
31.5385 46.7577
30.2275 46.5462
29.1985 46.7274
27.35 47.3716
26.4706 47.7542
25.5393 48.0324
23.7159 48.6248
22.7791 48.85
22.0045 49.4228
21.0995 49.7073
19.6027 51.0668
18.9821 52.1529
18.2644 53.0436
17.614 54.2102
16.0421 55.9454
15.3997 57.4726
14.854 59.5762
14.2394 61.6776
12.269 63.1186
11.3392 64.308
10.356 65.385
8.62835 70.2723
7.5365 71.705
---------------------------
43
171.02 79.7481
71.4547 46.4032
67.3178 45.4065
63.6481 44.5669
60.1373 45.3167
57.446 44.8817
54.8665 44.43
52.1504 45.3337
49.7907 44.8318
48.4156 45.1483
45.3963 45.3963
43.9719 45.5342
42.6931 45.7827
40.2164 46.2637
38.6958 46.1159
37.5075 46.3179
35.3867 46.9598
34.1503 47.0039
33.038 47.1832
31.1534 47.972
29.9404 47.9147
28.7391 47.8299
27.75 48.0644
25.8679 48.6504
25.0603 49.1836
23.9789 49.164
22.2485 49.9709
21.4121 50.4437
20.6034 50.9951
19.8894 51.8137
18.2318 52.949
17.5831 54.1151
16.9576 55.4657
16.2902 56.8106
14.8056 59.3821
14.1719 61.3853
13.4103 63.0905
12.4789 64.1984
10.2934 64.9899
9.46377 67.3382
7.20201 68.5226
6.03989 69.0363
4.86203 69.5302
---------------------------
42
71.9579 46.73
67.0691 45.2387
63.5887 46.1999
60.4567 45.5574
56.7317 45.9404
54.3892 45.6379
52.3014 45.4649
50.2366 45.2332
47.908 46.2642
45.8912 45.8912
44.2497 45.8219
42.0883 46.7438
40.6101 46.7165
39.21 46.7287
37.1244 47.517
35.8682 47.5987
34.503 47.4893
32.545 48.25
31.4257 48.3913
30.2584 48.4235
28.25 48.9304
27.1493 48.9787
26.2904 49.4451
25.3327 49.7182
23.4131 50.2095
22.4519 50.4277
21.7246 51.1801
20.0328 52.1871
19.2899 52.9987
18.5899 53.9891
17.9539 55.2564
16.2902 56.8106
15.6844 58.5351
15.1443 60.7405
14.5318 62.9443
13.639 64.1665
11.4781 65.0958
10.5906 66.8665
9.50552 67.6353
8.33586 67.8902
7.22292 68.7215
4.82715 69.0314
---------------------------
41
72.3773 47.0023
66.9247 46.8612
64.3978 46.7877
61.0956 46.0388
57.4311 46.5068
55.0786 46.2164
52.3174 47.1068
49.8783 46.5123
48.4116 46.7505
45.5001 47.1168
43.9889 47.1723
42.6905 47.4126
40.9381 47.0939
38.7661 47.8722
37.5554 48.0687
36.2894 48.1577
34.0131 48.5757
32.9365 48.8303
31.8614 49.0622
29.7177 49.4586
28.6 49.5367
27.5372 49.6784
25.6051 50.2528
24.6803 50.6021
23.6244 50.6626
21.8809 51.5483
21.0904 52.2005
20.427 53.2141
19.7004 54.1263
17.9848 55.3515
17.3084 56.6132
16.6761 58.1563
16.1244 60.1772
15.5556 62.39
13.6806 64.3621
12.6506 65.0819
11.6171 65.8836
10.7314 67.7554
8.38461 68.2872
6.06604 69.3352
4.8969 70.029
---------------------------
40
69.3822 48.5819
65.854 47.8457
62.054 46.761
58.9854 47.7654
55.9978 46.9878
54.1881 47.105
51.1216 47.6717
48.987 47.3062
47.2347 47.2347
45.4307 47.0448
43.1589 47.9328
41.7254 47.9995
40.1742 47.8778
38.0479 48.6991
36.9514 49.0362
35.3847 48.7028
33.3279 49.4106
32.1337 49.4816
31.1063 49.7804
28.9 50.0563
27.7796 50.1157
26.8538 50.5046
25.8321 50.6983
23.9202 51.297
22.9806 51.6153
22.2326 52.3767
20.4986 53.4008
19.803 54.4082
19.0783 55.4074
18.3556 56.4928
16.7036 58.2525
16.0985 60.0806
15.5556 62.39
14.8693 64.4059
12.746 65.5727
11.6518 66.0806
10.8722 68.6443
9.58903 68.2295
7.26473 69.1193
6.08347 69.5344
---------------------------
42
171.111 79.7903
71.6288 48.3143
67.8258 47.4921
64.6895 48.747
60.992 47.6522
58.3637 47.262
54.8674 47.6955
53.1349 47.8428
50.8291 47.3989
48.987 47.3062
46.2642 47.908
44.6027 47.8305
43.1589 47.9328
40.817 48.6438
39.3325 48.5716
38.171 48.8567
36.09 49.6736
34.5867 49.3949
33.3838 49.4935
31.4242 50.2893
30.1812 50.23
29.1 50.4027
27.0416 50.8578
26.0137 51.0547
25.0748 51.411
24.0892 51.6595
22.2717 52.4688
21.5024 53.2204
20.7495 54.0543
19.0783 55.4074
18.3556 56.4928
17.6593 57.7608
17.0068 59.3098
15.4346 61.9049
14.8018 64.1136
13.8885 65.3403
12.8224 65.9653
11.8081 66.9669
9.76995 69.5168
7.3379 69.8154
6.11833 69.9329
5.00851 71.6251
---------------------------
42
76.5706 49.7255
70.3652 49.2702
66.0967 48.0221
62.6929 47.2425
59.6071 48.2689
56.7639 47.6306
54.5655 47.4331
51.6336 48.1491
49.5625 47.862
48.2247 48.2247
45.1483 48.4156
43.6942 48.5274
42.7094 49.1316
39.9618 49.3488
38.5404 49.3295
37.2523 49.4355
36.09 49.6736
33.7753 50.0739
32.6239 50.2364
31.4772 50.3741
29.35 50.8357
28.2159 50.9029
27.1355 51.0344
25.2063 51.6807
24.2583 52.0221
23.3874 52.5289
21.6148 53.4985
20.8212 54.241
20.145 55.3479
19.3062 56.0693
17.6008 57.5695
16.9517 59.1176
16.3574 61.0465
15.7975 63.3603
13.9093 65.4381
12.9178 66.4562
11.8428 67.1639
10.9504 69.1382
9.78387 69.6158
8.54304 69.5775
7.36926 70.1138
4.93876 70.6275
---------------------------
41
71.8776 48.482
67.0675 48.7274
64.9291 48.9276
61.1496 47.7753
57.7598 48.4662
55.1693 47.9579
53.5064 48.1774
50.2099 48.4872
48.2954 48.2954
46.5421 48.1958
44.0957 48.9732
42.9719 49.4335
41.3312 49.2567
39.773 49.1156
37.6134 49.9147
36.5602 50.3209
34.1108 50.5713
32.8417 50.5718
31.6892 50.7133
30.5933 50.9157
28.4098 51.2527
27.3702 51.4758
26.3314 51.6784
24.4696 52.4752
23.4687 52.7116
22.7015 53.4813
21.8021 53.9621
20.1108 55.2539
19.3387 56.1638
18.6955 57.5389
17.9516 58.7171
16.2797 60.7567
15.7733 63.2633
15.0942 65.3802
14.0964 66.3184
11.8602 67.2624
11.0286 69.632
9.83954 70.0119
7.41107 70.5116
6.17063 70.5306
5.3573 76.6129
---------------------------
41
74.4476 50.2155
70.0375 49.0408
66.1776 48.0808
61.78 48.2679
59.6071 48.2689
56.8405 47.6948
53.8037 48.4451
51.853 48.3537
49.8503 48.1398
47.1673 48.8432
45.4893 48.7813
43.9619 48.8246
41.974 50.0227
40.0877 49.5042
37.9143 50.314
36.7954 50.6445
35.3897 50.5417
33.943 50.3226
31.9541 51.1373
30.8508 51.3443
29.65 51.3553
27.558 51.829
26.5584 52.1239
25.557 52.3997
23.6721 53.1683
22.7015 53.4813
21.877 54.1475
21.1437 55.0812
19.4039 56.3529
18.6646 57.4438
17.9516 58.7171
17.31 60.3672
15.7007 62.9722
14.9592 64.7956
14.1172 66.4162
13.0323 67.0451
12.0512 68.3457
9.82562 69.9129
8.61616 70.173
6.28393 71.8256
5.11315 73.1214
---------------------------
42
128.127 65.2838
72.0434 48.5939
67.0675 48.7274
65.1687 49.1081
61.2284 47.8369
58.3726 48.9804
55.3202 48.0891
53.878 48.512
50.6415 48.9039
48.5075 48.5075
46.7505 48.4116
44.3634 49.2705
42.9719 49.4335
41.7169 49.7163
39.1561 50.1175
37.8542 50.2342
36.7954 50.6445
34.3344 50.9029
33.0596 50.9073
31.9011 51.0525
29.9 51.7883
28.6522 51.69
27.511 51.7407
26.5584 52.1239
24.6809 52.9284
23.7127 53.2597
22.7796 53.6654
22.0269 54.5184
20.3844 56.0057
19.5666 56.8257
18.8191 57.9193
17.062 59.5021
16.435 61.3363
15.9668 64.0395
15.2067 65.8674
13.0132 66.947
11.9296 67.6563
11.0756 69.9283
9.93696 70.7051
8.66491 70.57
7.48424 71.2078
5.02944 71.9244
---------------------------
42
75.6911 51.0543
70.4471 49.3276
66.4203 48.2572
62.4893 48.822
60.2288 48.7723
57.3001 48.0805
54.2496 48.8465
52.3649 48.8311
50.2099 48.4872
47.5841 49.2748
45.7621 49.0738
44.2295 49.1219
42.1669 50.2525
40.5282 50.0482
39.0945 50.0387
37.794 50.1543
35.7338 51.0332
34.2226 50.7371
33.0596 50.9073
31.0053 51.6015
29.75 51.5285
28.6522 51.69
26.6038 52.213
25.6447 52.5795
24.6809 52.9284
22.8187 53.7575
21.9894 54.4257
21.1437 55.0812
20.4528 56.1936
18.7264 57.634
17.8639 58.4302
17.1998 59.9827
16.6679 62.2056
16.0878 64.5247
14.138 66.514
13.0895 67.3396
12.0165 68.1487
11.0912 70.0271
8.64054 70.3715
7.46333 71.0089
6.24907 71.4272
5.16895 73.9195
---------------------------
40
69.7098 48.8114
65.3284 49.2285
62.0952 48.5141
59.8402 48.4577
56.0749 48.7452
53.9523 48.5789
52.0724 48.5583
49.0732 49.0732
47.6536 49.3467
45.5575 48.8544
44.0957 48.9732
42.0383 50.0993
40.4024 49.8928
38.1551 50.6335
36.8541 50.7254
35.5617 50.7874
33.3319 51.3266
32.0601 51.3069
30.9538 51.5158
28.8462 52.0399
27.7458 52.1822
26.6038 52.213
25.6447 52.5795
23.7127 53.2597
22.8187 53.7575
21.9519 54.333
21.1795 55.1746
19.5015 56.6366
18.7264 57.634
17.9809 58.8127
17.2825 60.2711
15.7007 62.9722
15.0717 65.2828
14.2212 66.9053
13.1086 67.4378
12.0859 68.5426
9.89521 70.4081
7.49469 71.3072
6.28393 71.8256
5.34335 76.4134
---------------------------
43
128.84 65.647
73.204 49.3767
68.1192 49.4915
65.0089 48.9877
61.8588 48.3294
58.679 49.2375
55.924 48.614
53.9523 48.5789
50.9293 49.1818
48.8611 48.8611
47.3062 48.987
44.7648 49.7164
43.1687 49.6599
41.974 50.0227
39.3408 50.3539
38.0949 50.5536
36.9129 50.8063
35.5044 50.7055
33.2774 51.2428
32.0601 51.3069
31.0568 51.6872
28.8462 52.0399
27.7458 52.1822
26.6492 52.3021
24.7654 53.1096
23.7534 53.3511
22.7796 53.6654
21.0362 54.8012
20.2476 55.6298
19.5341 56.7311
18.7882 57.8242
18.0978 59.1953
16.3315 60.9499
15.7733 63.2633
15.1842 65.77
14.2627 67.1009
11.9991 68.0502
10.9504 69.1382
9.97871 71.0022
8.75022 71.2648
7.59922 72.3017
5.06432 72.4231
4.0822 77.8931
---------------------------
40
71.1024 49.7864
67.3102 48.9037
64.3017 50.238
60.7728 49.2129
58.7556 49.3018
54.7698 49.3149
53.2425 49.6495
50.7135 48.9734
48.1398 49.8503
46.3077 49.6589
44.631 49.5678
42.2954 50.4057
40.9058 50.5145
39.4639 50.5115
37.2068 51.2108
36.1353 51.6066
34.614 51.3174
33.3864 51.4105
31.4173 52.2872
30.2 52.3079
28.9431 52.2148
26.9216 52.8367
25.8639 53.0289
24.9345 53.4722
22.8968 53.9416
21.9894 54.4257
21.1795 55.1746
20.3844 56.0057
19.5992 56.9202
17.9224 58.6215
17.1722 59.8866
16.5127 61.6261
15.9668 64.0395
14.1796 66.7097
13.2231 68.0268
12.138 68.8381
11.2164 70.8173
8.77459 71.4633
6.31879 72.2241
5.12013 73.2212
---------------------------
41
71.0317 51.6075
66.5263 50.1312
64.0653 50.0533
59.8281 50.2017
57.5089 49.9917
55.1413 49.6495
52.5837 50.7795
50.2753 50.2753
48.4872 50.2099
45.7685 50.8311
44.2184 50.8674
42.8097 51.0186
40.3874 51.6935
38.9976 51.7516
37.677 51.858
35.6206 52.8097
34.2033 52.6685
32.961 52.7486
31.8809 53.0587
29.6703 53.5267
28.45 53.5066
27.2394 53.4604
26.3023 53.9276
24.4042 54.8127
23.3266 54.9541
21.3587 55.6414
20.5212 56.3816
19.7294 57.2984
19.0045 58.49
17.2273 60.0789
16.5127 61.6261
15.8217 63.4573
15.2067 65.8674
14.533 68.3725
13.5284 69.5974
11.2007 70.7185
10.3406 73.5769
8.8599 72.1581
7.65148 72.799
6.44952 73.7184
5.24569 75.0168
---------------------------
39
71.9216 52.2541
66.1929 51.7156
63.4928 51.4155
60.6707 50.9088
57.3708 51.6569
54.7784 51.0817
53.0873 51.2658
50.0849 51.8644
48.3537 51.853
46.5046 51.6486
43.9667 52.3974
42.6679 52.6905
41.2493 52.7967
38.7938 53.3951
37.5693 53.6545
36.4035 53.9703
34.9114 53.7588
32.7564 54.5158
31.7 54.906
30.3491 54.7512
28.102 55.1533
27.0475 55.4556
25.991 55.7379
23.9518 56.4269
22.8885 56.6509
21.968 57.2285
21.171 58.167
19.3445 59.5361
18.5656 60.7254
17.8613 62.2898
17.1338 63.9443
16.4507 65.9801
14.5954 68.666
13.7764 70.8735
12.6937 71.9894
11.6074 73.2865
9.09145 74.0439
6.58026 75.2127
5.26661 75.3161
---------------------------
42
170.845 65.5813
98.9871 66.7676
70.5195 53.1403
66.7445 52.1465
62.6624 52.58
60.4522 52.5503
57.8167 52.0584
54.6698 52.794
52.7502 52.7502
50.5711 52.3679
48.3112 53.6551
46.1866 53.1316
44.6737 53.2401
42.6038 54.5303
40.7429 54.0676
39.3816 54.2041
37.2422 55.2139
35.8372 55.1845
34.4448 55.1231
33.22 55.2873
31.1733 56.238
29.7645 55.9789
28.556 56.0443
26.5827 57.0068
25.5024 57.2793
24.3425 57.3475
22.3622 58.2554
21.4789 59.0127
20.5759 59.7568
19.808 60.9627
17.9716 62.6743
17.2373 64.3307
16.5475 66.3682
15.8366 68.5957
15.1776 71.4048
12.8673 72.9743
11.7482 74.1754
10.6885 76.0526
9.29863 75.7313
8.08005 76.8765
6.79815 77.7032
5.46891 78.209
---------------------------
38
83.0051 60.3068
77.6979 60.7042
66.446 53.8069
61.8107 53.7312
60.1204 54.1327
56.4605 52.6503
54.0937 54.0937
51.4047 53.2311
49.7859 53.3888
46.9738 54.0372
45.2522 53.9295
43.8007 54.0894
41.4049 54.9461
39.8518 54.8514
38.4296 54.8832
37.0186 54.8823
34.6567 55.4623
33.426 55.6302
32.35 56.0318
29.9523 56.3321
28.783 56.4898
27.7051 56.8038
26.7095 57.2787
24.4598 57.6236
23.5253 58.2271
22.6847 59.0956
20.6736 60.0404
19.7462 60.7725
19.0626 62.3511
18.4126 64.2123
16.6442 66.7563
16.0615 69.57
15.3023 71.9917
14.616 75.1926
14.0308 79.5725
9.65205 78.6096
7.08576 80.9906
5.72003 81.8003
---------------------------
29
81.94 61.7462
78.9587 61.6893
75.3788 63.2503
71.7729 62.3912
69.4097 62.4968
65.1722 62.936
56.215 56.215
55.2948 57.2594
50.7201 56.3304
48.2859 55.5466
46.5378 55.4616
44.8817 57.446
42.3076 56.1441
40.9686 56.3885
38.5284 57.1207
36.7087 56.5264
35.5046 56.8192
33.45 57.9371
31.6581 57.1127
30.2809 56.9501
28.2311 57.8823
27.0476 58.0037
26.0311 58.4669
25.0849 59.0964
23.1864 60.4027
22.5049 61.8318
21.8456 63.4443
21.2604 65.4327
20.7584 67.8976
