---------------------------
21
128.645 68.402
92.9247 60.346
88.5503 62.0036
84.1378 61.1297
81.5407 61.4453
80.9049 70.3295
77.7329 69.9911
75.7465 73.1475
73.4684 73.4684
71.4109 73.9481
64.6874 74.4144
62.6075 74.6127
58.8572 75.3338
56.8715 75.4711
54.8991 75.5622
53.2853 76.0992
50.3246 77.4932
48.6996 77.9356
47.023 78.2594
44.0207 79.4155
41.9708 78.9355
---------------------------
38
72.5161 54.6448
68.1629 53.2547
65.358 52.9258
62.1881 54.0593
59.4516 53.5304
57.0456 53.1959
54.9422 54.9422
53.1414 55.0295
51.6955 55.4366
49.27 56.6787
47.3092 56.3809
45.7516 56.4985
51.7771 66.2717
50.1312 66.5263
47.4921 67.8258
45.6301 67.6495
44.4425 68.4355
37.9583 63.1732
36 62.3538
33.8397 61.0485
31.0076 60.8557
29.5462 60.5787
27.8928 59.8163
26.9214 63.4228
26.4847 65.5519
25.0141 65.1639
24.5228 67.376
22.96 70.6635
22.191 72.5835
21.8305 76.1319
21.6373 80.7514
20.1521 80.8256
17.2359 81.0884
15.1693 78.0394
14.0481 79.671
5.69213 81.4012
2.83733 81.2505
1.43982 82.4874
---------------------------
41
-2.5686 73.5552
131.224 64.0022
125.988 64.1943
79.1163 61.8124
57.1478 51.4561
54.2382 52.3772
51.6188 51.6188
50.0154 51.7925
47.7759 53.0605
46.3834 53.358
45.0594 53.6997
42.4191 54.2939
40.7429 54.0676
39.0877 53.7996
36.9067 54.7165
35.6739 54.9329
34.3918 55.0383
33.426 55.6302
31.0763 56.0631
29.8114 56.0672
28.7376 56.4007
26.5827 57.0068
25.5837 57.462
24.4598 57.6236
23.4504 58.0417
21.4105 58.8248
20.5434 59.6622
19.6535 60.4872
17.7235 61.8091
16.9526 63.2681
16.3055 65.3979
15.904 68.888
15.136 71.2091
13.3535 75.7317
12.0298 75.9532
10.6607 75.8545
9.00614 73.3492
6.33622 72.4234
5.05037 72.2236
3.77342 72.0012
2.52672 72.3559
---------------------------
41
-1.29671 74.2887
130.889 66.6912
80.4559 62.859
77.2939 64.8573
74.8672 65.0811
70.7474 63.7012
56.1085 54.1834
55.225 55.225
52.7185 56.5336
50.4524 56.0331
48.0891 55.3202
46.0879 54.9254
43.712 55.9488
42.1872 55.9843
39.5194 56.4396
38.1929 56.6233
36.7087 56.5264
35.1336 56.2256
32.85 56.8979
31.6096 57.0252
30.4687 57.3033
28.4503 58.3317
27.2166 58.3662
25.9498 58.2842
24.9286 58.7282
22.8639 59.5624
21.9919 60.4222
20.9666 60.8914
19.0626 62.3511
18.2748 63.7317
17.4444 65.1034
16.8861 67.7266
14.9073 70.1332
13.9863 71.9533
13.3362 75.6332
12.2645 77.4348
9.28644 75.632
6.5454 74.8142
5.18988 74.2188
3.86763 73.7987
1.2845 73.5888
---------------------------
29
77.0558 66.9836
67.2458 67.2459
63.3576 67.9428
60.7571 67.4776
58.5861 67.3956
54.6879 67.534
44.3538 58.8594
41.5269 59.3066
40.0941 59.442
38.1792 58.7908
35.3316 58.8017
33.85 58.6299
32.3853 58.4246
31.3607 58.9809
28.9325 59.3204
27.8083 59.6351
26.5192 59.5632
24.5367 60.7305
23.4731 61.1495
22.5733 62.0197
20.4878 63.055
19.5304 63.8812
18.7433 65.3658
18.0915 67.5182
16.129 69.8623
15.1776 71.4048
14.4824 74.5055
13.4925 76.5196
8.36228 79.5618
---------------------------
32
128.482 71.2185
81.8135 68.6497
79.0181 68.6894
75.11 70.0412
73.013 70.5078
70.9935 70.9935
66.5483 68.9128
63.5674 70.5988
61.3415 70.5653
59.3293 70.7059
54.917 70.2906
51.9968 69.0021
49.7854 68.5237
46.8044 69.3904
44.8783 69.1065
35.65 61.7476
33.8397 61.0485
32.2057 60.5702
29.5462 60.5787
28.1041 60.2695
27.17 61.0248
25.1361 62.214
24.154 62.9233
23.1548 63.6172
21.1059 64.9572
20.2321 66.1763
19.3222 67.3844
18.4797 68.9671
17.5877 70.5405
15.6973 73.8501
14.8831 76.5669
14.2565 80.8527
---------------------------
25
79.5464 69.1486
76.5727 71.4052
73.8762 71.3414
72.1249 72.1249
70.9246 73.4446
62.3256 71.6974
60.422 72.0082
56.8871 72.8122
54.6448 72.5161
50.3144 69.2519
47.084 69.805
45.3684 69.8613
43.4534 69.5399
40.8 70.6677
37.2819 67.2583
34.2714 64.4552
28.4309 63.8568
25.8104 63.883
25.2291 65.7241
24.2834 66.7182
23.2456 67.51
20.9631 68.567
19.8735 69.307
18.9714 70.8024
18.507 74.2276
---------------------------
23
80.452 69.9359
77.5235 72.2918
74.8113 72.2445
72.5492 72.5492
71.3414 73.8762
67.5153 74.9833
57.8106 73.9942
55.3068 73.3946
53.3709 73.4587
48.5939 72.0434
45.205 69.6097
43.8773 70.2184
40.6 70.3213
38.7363 69.8821
36.4779 68.605
29.2037 65.5926
27.0091 66.85
26.0533 67.8713
24.7623 68.0337
23.9944 69.6847
21.7525 71.1491
20.4247 71.2295
20.1879 75.3422
---------------------------
21
80.9803 70.3951
78.7734 70.9278
75.7465 73.1475
72.6199 72.6199
71.7582 74.3078
67.5822 75.0576
66.1964 76.1502
56.8113 75.3912
53.3709 73.4587
49.4327 73.2869
41.2 71.3605
38.9787 70.3194
37.323 70.1943
35.4113 69.4985
32.4993 69.6951
30.1392 67.6937
29.5002 69.4981
26.8776 70.0185
25.8225 70.9468
24.7106 71.7649
23.887 73.5167
---------------------------
21
80.5275 70.0015
77.9623 72.701
75.7465 73.1475
73.0441 73.0441
70.4504 75.5488
68.7197 76.321
67.0492 77.1313
64.5359 76.9109
53.6648 73.8633
50.2155 74.4476
47.6015 73.2998
45.785 73.2714
39.7059 71.6314
37.5577 70.6358
34.6752 71.0946
32.8374 70.4201
31.4407 70.6171
28.9196 71.5786
27.8452 72.5392
26.575 73.0141
25.2966 73.4668
---------------------------
21
79.9237 69.4767
79.2192 71.3293
77.4504 72.2236
75.2429 72.6613
72.1055 74.6675
70.8596 75.9876
68.3851 75.9494
65.6929 78.2897
62.8062 77.5592
61.443 78.6435
49.9918 74.116
46.7919 74.8827
45.0143 74.9164
43 74.4782
38.8722 73.1081
37.0456 72.7061
34.3683 70.4655
31.7255 71.2565
30.3598 71.5232
29.1069 72.0422
27.8452 72.5392
