---------------------------
23
141.007 74.9746
128.482 71.2185
122.976 71
92.1828 57.6022
87.2217 56.6425
81.6695 57.1856
79.2028 57.5442
68.5229 51.6357
63.8037 51.6672
61.7432 51.8087
60.7541 52.8128
59.6053 55.5829
60.3526 58.2818
65.0538 65.0538
64.1864 66.467
58.3236 67.0937
56.8276 70.1763
53.4412 70.9188
55.8663 79.7854
22.1471 57.6953
21.1368 58.073
16.2902 56.8106
15.2444 56.893
---------------------------
35
100.391 53.3789
90.3482 50.0808
86.8624 50.15
83.3631 52.0911
68.6871 44.6059
66.5971 46.6318
65.045 47.2579
62.3734 47.0018
61.1614 49.5275
61.1303 51.2945
62.5654 54.3873
63.093 56.8092
57.8349 55.8505
54.9422 54.9422
52.933 54.8137
50.787 56.4047
50.3853 57.9617
48.2733 57.5299
46.8844 57.8974
43.9325 58.3004
42.8495 58.9773
41.2975 58.9789
39.4319 60.7197
39.214 62.7556
39.6064 65.9162
38.85 67.2902
36.8066 69.2231
30.8714 60.5884
27.3011 58.5475
25.4617 57.1879
23.6783 55.7826
21.1079 54.9879
19.7346 54.2203
18.4923 53.7055
15.5184 54.119
---------------------------
36
122.781 54.6654
106.507 51.947
94.4467 48.123
88.3366 48.9658
84.4375 48.75
68.9163 41.4091
65.1647 42.3185
63.0069 42.4987
61.3235 44.5541
61.2553 46.1592
60.7556 47.4675
55.1552 46.2807
54.1881 47.105
48.8989 44.0288
47.6843 44.4663
43.8406 43.8406
41.9574 43.4481
39.6794 44.0685
38.7731 44.6033
37.9245 45.1966
37.4446 46.2402
35.808 47.5188
35.3259 48.6219
34.8734 49.8044
33.6042 51.746
33.3319 53.3422
32.7564 54.5158
32.1 55.5988
29.9523 56.3321
29.1916 57.2917
27.442 56.2645
26.3291 56.463
25.0459 59.0044
25.2485 62.4922
24.4765 63.7635
24.6597 67.7518
---------------------------
27
137.8 58.4925
129.084 57.4719
122.895 57.307
115.742 58.9734
112.399 59.7637
67.4198 42.1286
62.2607 41.9954
60.2896 42.2152
58.7346 42.6732
54.6091 42.6653
52.5351 42.5421
51.0952 42.8739
47.8585 43.092
46.441 43.3069
44.5271 42.9994
42.3047 43.8078
40.9881 43.9544
39.8133 44.2171
38.1173 45.4264
37.5075 46.3179
36.755 47.0442
35.3847 48.7028
35.275 50.3778
34.8377 51.649
34.8024 53.591
34.8157 55.7168
34.15 59.1495
