---------------------------
27
80.2545 58.3083
77.6979 60.7042
75.15 60.8553
72.0848 60.4863
70.4899 61.2759
64.237 62.033
62.3668 62.3668
58.6519 62.8964
56.3408 62.5728
54.0593 62.1881
50.0939 61.8608
47.8369 61.2284
46.5203 61.7345
43.305 61.846
40.7092 60.3539
39.5953 60.9713
33.4 57.8505
31.4641 56.7628
29.1008 57.1135
27.7489 56.8937
26.5404 56.9161
25.124 59.1885
24.1996 59.8961
23.2581 60.5894
22.5733 62.0197
20.3951 62.7697
19.8813 65.0287
---------------------------
33
89.9894 58.4398
78.3128 56.8976
76.3496 57.5335
74.073 57.8722
56.6032 49.2044
53.1694 49.5813
51.7925 50.0154
49.851 49.851
46.7851 50.1709
45.3001 50.3109
43.6279 50.1882
42.1026 50.1759
39.587 50.6691
38.2153 50.7134
36.9129 50.8063
34.5581 51.2345
33.0051 50.8234
31.8481 50.9677
30.05 52.0481
28.8462 52.0399
27.8397 52.3588
26.74 52.4803
25.0613 53.7441
24.1195 54.1732
23.2876 54.8621
21.3946 55.7348
20.487 56.2876
19.8922 57.7712
19.2518 59.2508
17.4478 60.8479
16.6679 62.2056
15.8459 63.5544
14.9073 70.1332
---------------------------
35
77.8274 56.5449
57.2757 46.3809
54.9254 46.0879
53.0605 47.7759
52.1455 48.6265
50.4257 48.6956
47.4452 49.1309
45.7621 49.0738
44.1626 49.0476
41.9097 49.9461
40.3394 49.8151
39.0945 50.0387
36.7954 50.6445
35.3323 50.4598
33.9989 50.4055
31.7422 50.7981
30.5418 50.83
29.65 51.3553
28.4583 51.3402
26.74 52.4803
25.557 52.3997
24.4696 52.4752
22.8578 53.8495
22.0643 54.6111
21.1079 54.9879
20.2818 55.7238
18.5101 56.9683
17.8054 58.239
17.1171 59.6944
16.4609 61.4329
15.7007 62.9722
13.8885 65.3403
13.3185 68.5176
12.4506 70.6107
11.5918 73.1877
---------------------------
33
78.7983 57.2503
55.6221 48.3516
53.3578 48.0436
52.2187 48.6947
49.5682 49.5682
48.0704 49.7783
46.7851 50.1709
44.0216 50.641
42.4883 50.6355
41.2205 50.9031
39.587 50.6691
37.3831 51.4535
36.1927 51.6885
34.7259 51.4832
32.3781 51.8157
31.2113 51.9443
29.95 51.8749
28.0275 52.712
26.8308 52.6585
25.9954 53.2985
24.8077 53.2003
22.9359 54.0336
22.2142 54.982
21.1079 54.9879
19.4364 56.4475
18.5719 57.1585
17.7177 57.9521
17.0344 59.406
15.3137 61.4197
14.5993 63.2366
13.9509 65.6337
13.1467 67.6341
12.3985 70.3153
---------------------------
34
83.7333 60.8358
78.7455 59.339
58.0372 50.4509
54.1009 48.7127
51.7925 50.0154
50.2046 50.2046
48.9734 50.7135
46.3038 51.4256
45.0056 51.7731
42.7454 50.942
40.449 51.7723
39.0578 51.8314
37.677 51.858
35.5087 52.6439
34.0944 52.5008
32.749 52.4094
30.65 53.0874
29.4764 53.1769
28.45 53.5066
26.2584 53.8378
25.1458 53.9253
24.2822 54.5387
23.3266 54.9541
22.364 55.3529
20.4186 56.0997
19.7294 57.2984
18.7264 57.634
17.1171 59.6944
16.5903 61.9158
15.7733 63.2633
14.9592 64.7956
14.4499 67.9813
12.2769 69.6259
10.7998 76.8448
---------------------------
32
126.523 64.4667
56.8506 51.1885
53.9008 50.2633
52.5118 50.7101
49.5986 51.3609
48.2173 51.7067
46.5046 51.6486
44.2881 52.7805
42.2274 52.1465
40.9415 52.4027
38.6175 53.1524
37.053 52.9172
35.8443 53.1413
34.3667 52.9201
32.4989 54.0873
30.9 53.5204
29.8158 53.7891
27.648 54.2623
26.5653 54.4669
25.6107 54.9222
23.6783 55.7826
22.364 55.3529
21.4662 55.9215
20.829 57.2273
18.9427 58.2998
18.244 59.6734
17.5305 61.1362
16.7974 62.6886
14.8468 64.3084
14.242 67.0031
13.4902 69.401
12.6242 71.5955
---------------------------
31
77.2251 60.3348
56.6276 50.9878
53.0153 51.1963
51.4067 51.4067
50.0154 51.7925
48.4219 51.9261
45.9897 52.9051
44.2881 52.7805
41.6803 53.3483
40.0207 53.1093
38.7938 53.3951
36.4594 54.0532
35.0748 54.0104
33.7029 53.9359
31.4 54.3864
30.3491 54.7512
29.0133 54.5662
28.1474 55.2424
25.991 55.7379
24.8516 55.8176
23.8346 56.1508
21.8963 57.0418
20.8974 57.4152
20.2178 58.7167
19.2518 59.2508
18.5948 60.821
16.6679 62.2056
15.8943 63.7484
15.1617 65.6725
14.5122 68.2747
12.52 71.0046
---------------------------
36
126.434 64.4212
87.9769 61.6021
80.1031 60.362
76.6266 62.051
57.1478 51.4561
55.2172 51.4909
53.4469 51.6131
50.9185 52.7276
49.1721 52.7306
47.3075 52.5403
46.3834 53.358
43.3602 53.5454
41.9881 53.7423
40.2012 53.3489
37.856 54.064
36.4594 54.0532
35.3471 54.4297
33.117 55.1159
31.8 55.0792
30.5915 55.1885
28.4198 55.777
27.2228 55.8151
26.2446 56.2817
23.9518 56.4269
23.0758 57.1145
22.1471 57.6953
21.2395 58.3549
19.4063 59.7263
18.5948 60.821
17.751 61.9053
16.9526 63.2681
15.0267 65.0879
14.4499 67.9813
13.681 70.3827
12.85 72.8758
12.0767 76.2495
---------------------------
32
78.5647 61.3814
76.5489 61.9881
57.4451 51.7238
56.5336 52.7185
52.538 52.538
51.3353 53.1592
49.5813 53.1694
47.0394 54.1127
45.4451 54.1593
43.7378 54.0116
42.1872 55.9843
39.7931 54.7704
38.3149 54.7194
35.9462 55.3523
34.5507 55.2927
33.323 55.4587
30.9309 55.8007
29.8584 56.1555
28.7376 56.4007
27.7489 56.8937
25.5431 57.3707
24.4598 57.6236
23.5253 58.2271
21.3421 58.6368
20.5434 59.6622
19.7153 60.6774
18.9164 61.8729
16.9526 63.2681
16.1604 64.8158
15.3642 66.5495
14.6994 69.155
12.6416 71.694
---------------------------
32
78.1707 61.0736
74.9958 62.9289
57.8501 53.9461
55.0295 53.1414
53.1037 53.1037
51.2181 54.9247
49.5157 54.9927
47.6955 54.8674
45.1223 55.7214
43.712 55.9488
41.8261 55.5052
40.3221 55.4986
37.3541 55.3797
36.5453 56.2748
35.2396 56.3952
32.75 56.7247
31.6096 57.0252
30.187 56.7735
29.1916 57.2917
27.0898 58.0943
25.9498 58.2842
24.9286 58.7282
22.9714 59.8425
21.9919 60.4222
20.934 60.7968
20.1479 62.0089
18.1921 63.4433
17.2891 64.5238
16.8136 67.4356
15.904 68.888
13.8718 71.3643
12.3114 77.7311
---------------------------
35
130.087 66.2826
133.632 80.2944
95.677 66.9937
78.414 63.4984
75.9916 63.7645
57.6307 53.7415
55.8927 53.975
53.1414 55.0295
52.2411 56.0217
50.787 56.4047
47.5663 56.6873
46.1292 56.9648
43.9582 56.264
42.5483 56.4635
40.2077 57.4226
38.6961 57.3694
37.1988 57.2812
34.7136 57.7731
33.55 58.1103
32.1429 57.9873
29.9634 58.8064
28.801 59.0508
27.5547 59.0913
26.6413 59.8372
24.1996 59.8961
23.4731 61.1495
22.5049 61.8318
20.3333 62.5795
19.4427 63.5943
18.7433 65.3658
18.0656 67.4216
15.9715 69.1803
15.1776 71.4048
14.6732 75.4871
14.2392 80.7542
---------------------------
26
74.8672 65.0811
56.9717 55.0169
55.4372 55.4372
54.6696 56.612
51.9914 57.7424
50.2541 57.8108
48.2733 57.5299
45.7436 58.5492
43.9325 58.3004
42.1442 58.0065
39.8705 59.1104
38.3426 59.0424
36.6704 58.6849
35.4861 59.0588
33.1125 59.7365
31.9241 60.0404
30.4628 59.7865
28.3577 60.8133
27.17 61.0248
25.9836 61.2136
23.939 62.3632
23.1548 63.6172
22.1386 64.2953
21.4767 66.0984
19.4876 67.9612
18.635 69.5467
---------------------------
20
107.406 83.9147
78.6728 66.0143
74.9833 67.5153
72.916 67.9952
70.4953 68.0765
66.062 68.4092
64.4488 69.1129
62.2291 69.1125
59.1365 70.4761
51.7561 68.6827
48.2951 68.9726
46.5248 68.9759
45.314 69.7774
42.6452 70.9735
40 69.282
38.5424 69.5323
35.4113 69.4985
27.646 68.4262
27.4151 71.4189
26.0619 71.6046
---------------------------
23
87.211 65.7182
79.5103 62.1202
76.9109 64.5359
68.3373 65.9925
66.3973 66.3973
64.117 66.3951
59.8203 66.4371
57.93 66.6409
55.8582 66.5693
52.6391 67.3749
49.6497 65.8874
48.1984 66.3394
45.4846 64.9588
42.6452 65.6679
40.9628 65.5541
39.0914 65.059
37.05 64.1725
34.6001 65.0732
32.6873 64.1525
30.3017 64.9823
29.041 65.2271
27.8982 65.724
26.9717 66.7572
---------------------------
24
134.496 62.7165
79.624 60.001
76.7043 62.1139
74.0765 62.1576
71.2446 61.932
62.084 62.084
59.4628 61.5755
56.6754 62.9444
40.5623 53.828
37.856 54.064
36.739 54.4678
35.5105 54.6813
33.0139 54.9444
31.9 55.2524
30.7854 55.5384
29.6237 55.714
27.8804 57.1633
25.9498 58.2842
23.6377 58.5053
23.0789 60.1226
22.2997 61.268
21.4224 62.2151
19.4427 63.5943
18.2985 68.291
---------------------------
32
126.701 64.5574
85.8367 62.364
78.5647 61.3814
76.1603 61.6734
70.1125 60.9479
51.9992 48.4901
49.9924 49.9924
49.1123 50.8573
46.7851 50.1709
43.6279 50.1882
42.2954 50.4057
41.3463 51.0585
39.9564 51.1419
37.677 51.858
36.3074 51.8523
35.3969 52.4781
33.9855 52.333
31.9839 53.2301
30.65 53.0874
29.6219 53.4393
27.5118 53.995
26.2584 53.8378
24.6482 55.3609
23.8737 56.2428
22.8885 56.6509
21.968 57.2285
21.2395 58.3549
19.6535 60.4872
18.8287 61.586
17.9991 62.7704
17.2891 64.5238
16.8136 67.4356
---------------------------
32
135.493 63.1814
79.7038 60.0611
76.7043 62.1139
52.6575 49.1039
50.9293 49.1818
48.6955 50.4257
46.9897 50.3903
45.6347 50.6825
42.9382 51.1718
41.4093 51.1362
40.1411 51.3783
38.1473 52.5052
36.5942 52.2619
35.5087 52.6439
34.0944 52.5008
31.9839 53.2301
30.9 53.5204
29.6219 53.4393
27.648 54.2623
26.653 54.6467
25.6107 54.9222
23.7565 55.9667
22.7012 56.1873
21.8963 57.0418
21.0684 57.8851
19.4063 59.7263
18.5071 60.5341
17.8062 62.0975
17.0821 63.7511
15.1617 65.6725
14.6994 69.155
14.0626 72.3459
---------------------------
33
90.1067 63.0934
80.1031 60.362
77.4814 62.7432
75.0724 62.9932
71.3201 61.9976
53.1694 49.5813
51.3609 49.5986
50.2046 50.2046
48.2173 51.7067
46.3038 51.4256
43.5167 51.8612
41.8498 51.6802
40.5105 51.8511
38.6175 53.1524
37.053 52.9172
35.8443 53.1413
34.748 53.5072
32.6019 54.2587
31.05 53.7802
30.1067 54.3139
28.7786 54.1247
26.8722 55.0961
25.822 55.3754
24.933 56.0003
22.9634 56.8364
22.0755 57.5086
21.2395 58.3549
20.4457 59.3786
18.6533 61.0122
17.8062 62.0975
17.0044 63.4613
16.3297 65.495
15.7691 68.3033
---------------------------
32
125.732 66.8528
79.5103 62.1202
55.067 49.5826
52.7995 50.9879
50.6996 50.6996
49.3207 51.0731
46.9061 52.0945
45.3993 52.2259
43.9024 52.3208
41.1262 52.6391
39.9003 52.9495
38.6175 53.1524
36.4594 54.0532
35.0203 53.9265
33.8088 54.1055
32.6019 54.2587
30.4945 55.0136
29.1542 54.831
28.329 55.5988
26.2446 56.2817
25.1363 56.4571
24.1472 56.8872
23.1881 57.3927
21.3079 58.5429
20.4457 59.3786
19.6535 60.4872
17.751 61.9053
17.0303 63.5579
16.233 65.1068
15.5666 67.4264
14.6578 68.9594
12.8673 72.9743
---------------------------
34
86.9693 63.1869
79.5103 62.1202
77.9477 63.1208
75.915 63.7003
70.2272 63.2328
54.6321 50.9453
52.0431 52.0431
49.807 51.5767
48.4219 51.9261
45.9897 52.9051
44.2881 52.7805
42.7938 52.8459
40.2012 53.3489
38.7938 53.3951
37.5693 53.6545
36.4594 54.0532
34.0738 54.5295
32.8594 54.6873
31.8 55.0792
29.6237 55.714
28.4198 55.777
27.179 55.7252
25.2583 56.7312
24.2253 57.0713
23.2631 57.5781
22.3263 58.1621
20.4457 59.3786
19.7153 60.6774
18.8287 61.586
17.8337 62.1936
15.9668 64.0395
15.4991 67.1341
14.7617 69.4485
14.1199 72.6404
---------------------------
32
78.414 63.4984
76.3746 64.0859
70.3015 63.2998
54.4127 50.7407
52.538 52.538
49.807 51.5767
48.6947 52.2187
47.1068 52.3174
44.8666 53.4699
42.9826 53.0791
41.6803 53.3483
39.2641 54.0423
37.7413 53.9002
36.4594 54.0532
34.3918 55.0383
33.1685 55.2016
31.9 55.2524
30.7854 55.5384
28.556 56.0443
27.442 56.2645
26.4559 56.7349
24.2644 57.1633
23.4504 58.0417
22.5055 58.6288
21.6499 59.4825
19.7153 60.6774
18.9749 62.0642
17.9716 62.6743
17.2373 64.3307
15.6116 67.6213
14.7617 69.4485
13.9863 71.9533
---------------------------
34
129.82 66.1464
125.82 66.8997
78.414 63.4984
76.8343 64.4716
73.9615 64.2938
53.2311 51.4047
50.7101 52.5118
48.6947 52.2187
47.3075 52.5403
46.2522 53.207
43.7378 54.0116
41.865 53.5847
40.5623 53.828
38.1428 54.4736
36.739 54.4678
35.5105 54.6813
33.2715 55.373
32.05 55.5122
30.9309 55.8007
29.8114 56.0672
27.7489 56.8937
26.7517 57.3693
25.5431 57.3707
23.4504 58.0417
22.613 58.9089
21.7183 59.6705
20.7712 60.3241
18.8287 61.586
17.9716 62.6743
17.0821 63.7511
16.4507 65.9801
14.6578 68.9594
14.1008 72.5423
13.423 76.1256
---------------------------
34
126.35 67.1814
78.958 63.939
76.8343 64.4716
74.4144 64.6874
69.9174 65.199
53.0153 51.1963
51.3353 53.1592
49.1039 52.6575
47.7759 53.0605
45.4451 54.1593
43.9266 54.2448
42.2344 54.0575
40.2012 53.3489
38.0281 54.3098
36.7949 54.5507
35.6739 54.9329
33.426 55.6302
32.2 55.772
31.0763 56.0631
29.9523 56.3321
27.8366 57.0734
26.7517 57.3693
25.5431 57.3707
23.338 57.7636
22.7564 59.2824
21.7525 59.7645
20.7712 60.3241
18.8872 61.7773
18.1369 63.251
17.2373 64.3307
16.5958 66.5623
14.6994 69.155
14.1199 72.6404
13.3535 75.7317
---------------------------
32
78.8803 63.876
76.8343 64.4716
73.1998 65.9094
53.5189 51.6826
50.5711 52.3679
48.8993 52.4381
47.9097 53.2092
45.6379 54.3892
43.9266 54.2448
42.2344 54.0575
39.7931 54.7704
38.3149 54.7194
36.9067 54.7165
35.6739 54.9329
33.5805 55.8873
32.3 55.9452
30.9309 55.8007
28.8284 56.5789
27.7489 56.8937
26.7517 57.3693
25.8278 58.0101
23.7126 58.6907
22.6847 59.0956
20.7712 60.3241
19.9625 61.4383
18.9749 62.0642
18.1369 63.251
17.522 65.3932
15.6341 67.7187
14.9073 70.1332
14.1199 72.6404
13.5967 77.1105
---------------------------
33
130.8 66.6458
78.8803 63.876
76.8343 64.4716
74.4144 64.6874
52.8209 52.8209
51.4047 53.2311
49.1039 52.6575
47.9767 53.2835
45.4451 54.1593
44.1154 54.4779
42.6038 54.5303
39.9694 55.0132
38.487 54.9651
37.0745 54.9652
34.7097 55.5471
33.5805 55.8873
32.3 55.9452
31.0763 56.0631
28.9646 56.8462
27.9681 57.3431
26.7517 57.3693
24.6551 58.0839
23.7875 58.8762
22.7564 59.2824
21.8209 59.9524
19.9007 61.248
18.9749 62.0642
18.1369 63.251
17.4444 65.1034
15.7016 68.011
14.8449 69.8397
14.1389 72.7386
13.6661 77.5044
---------------------------
31
78.4917 63.5614
76.3746 64.0859
53.033 53.033
50.9879 52.7995
49.1039 52.6575
47.9767 53.2835
45.6379 54.3892
43.7378 54.0116
42.4191 54.2939
40.1457 55.2559
38.2002 54.5555
37.0745 54.9652
34.9747 55.9712
33.5805 55.8873
32.45 56.2051
30.0931 56.5969
29.0554 57.0244
27.8366 57.0734
25.7464 57.8274
24.8114 58.4521
23.7126 58.6907
22.7922 59.3757
21.8209 59.9524
20.0552 61.7236
19.0626 62.3511
18.1369 63.251
17.4444 65.1034
15.904 68.888
14.9073 70.1332
14.4061 74.1129
13.6835 77.6029
---------------------------
31
78.4917 63.5614
76.8343 64.4716
69.9174 65.199
53.033 53.033
51.6131 53.4469
49.1039 52.6575
46.8426 53.8863
45.6379 54.3892
44.1154 54.4779
42.4191 54.2939
39.9694 55.0132
38.6591 55.2108
37.0745 54.9652
34.7097 55.5471
33.5805 55.8873
32.6 56.4649
30.234 56.8618
29.1008 57.1135
27.9681 57.3431
25.7464 57.8274
24.8114 58.4521
23.825 58.9689
22.9714 59.8425
20.7712 60.3241
20.0552 61.7236
19.0626 62.3511
18.3299 63.9239
16.3781 65.689
15.904 68.888
14.8449 69.8397
14.0626 72.3459
---------------------------
31
85.6936 64.5748
78.958 63.939
69.4055 64.7216
54.0224 52.1688
51.1963 53.0153
48.8993 52.4381
47.7759 53.0605
45.4451 54.1593
44.1783 54.5556
42.4191 54.2939
40.9234 54.3072
38.3149 54.7194
36.7949 54.5507
35.7828 55.1007
33.5805 55.8873
32.3 55.9452
31.2217 56.3255
28.9646 56.8462
27.9681 57.3431
26.8785 57.6412
25.7464 57.8274
23.825 58.9689
22.6847 59.0956
21.8209 59.9524
20.934 60.7968
19.0626 62.3511
18.2472 63.6355
17.2891 64.5238
15.4316 66.8418
14.7617 69.4485
14.1199 72.6404
---------------------------
30
79.5891 62.1818
75.915 63.7003
69.8556 62.8983
53.5189 51.6826
51.4067 51.4067
49.1039 52.6575
47.709 52.9862
46.1866 53.1316
44.2881 52.7805
42.0497 53.8211
40.7429 54.0676
39.0877 53.7996
36.6271 54.302
35.5105 54.6813
34.3918 55.0383
33.0139 54.9444
30.8339 55.6258
29.7175 55.8906
27.5297 56.4443
26.7517 57.3693
25.5431 57.3707
24.7333 58.268
22.6847 59.0956
21.7525 59.7645
20.7712 60.3241
20.0552 61.7236
17.9716 62.6743
17.1597 64.0409
16.6684 66.8534
15.3855 72.3829
---------------------------
30
79.1163 61.8124
76.7043 62.1139
69.8556 62.8983
53.3031 51.4742
51.1945 51.1945
49.807 51.5767
47.5083 52.7633
45.7929 52.6787
44.2881 52.7805
42.0497 53.8211
40.5623 53.828
38.7938 53.3951
36.739 54.4678
35.5105 54.6813
34.3918 55.0383
33.426 55.6302
31.0278 55.9757
29.8114 56.0672
28.7376 56.4007
26.7517 57.3693
25.6651 57.6447
24.6551 58.0839
23.8999 59.1543
21.9919 60.4222
20.934 60.7968
20.3333 62.5795
19.5304 63.8812
17.6773 65.9727
17.1039 68.5999
16.1965 70.1546
---------------------------
29
93.711 65.6171
85.6568 66.9224
79.3466 64.2536
76.1502 66.1964
74.8347 67.3815
69.9905 65.2672
67.9776 65.6452
64.5338 66.8267
61.9255 66.4069
57.3396 65.9616
55.5368 66.1862
52.4224 64.7363
51.2846 65.6413
47.9633 66.0158
38.0158 58.5392
36.8294 58.9393
35.6406 59.316
33.1125 59.7365
32.1588 60.4819
31.8247 62.4596
30.4668 62.4662
27.7801 62.3952
26.2181 61.7659
26.2599 64.9956
25.1216 65.444
23.0177 66.8482
22.0638 67.9054
21.1677 69.2365
20.4247 71.2295
