---------------------------
24
91.2791 52.7
83.4881 50.1647
80.6801 52.3943
78.8799 61.6277
75.694 61.2958
73.9233 62.029
69.5584 62.6306
67.9428 63.3577
65.0283 62.7971
62.1025 64.309
59.6749 63.9935
57.1438 63.4646
54.9777 63.2447
52.4853 64.814
52.3928 67.0597
49.8905 66.2069
48.0657 68.6449
48.0347 71.2143
46.839 72.1257
56.8073 90.9108
53.564 89.1454
49.4991 89.2987
53.7545 101.097
52.7083 103.446
---------------------------
34
81.5166 48.9801
76.8332 48.0107
71.9605 48.5379
69.4641 48.6393
66.9866 48.6686
63.9077 49.9301
61.8608 50.0939
61.2836 51.423
67.6974 58.8485
64.5785 60.2205
62.7264 60.5742
60.6698 60.6698
58.9765 61.072
54.668 60.7149
51.6318 59.3956
49.6232 59.1386
46.1746 59.1008
44.7149 59.3386
43.0847 59.3009
40.206 59.6078
38.6694 59.5456
36.9884 59.1938
34.25 59.3227
33.064 59.6491
31.7832 59.7756
30.9622 60.7666
28.9916 62.1727
28.2682 63.4914
27.6247 65.0797
28.2079 69.8169
25.1385 69.0674
19.4049 67.6728
9.54727 67.9324
8.36024 68.0887
---------------------------
45
-2.31384 66.2596
82.0062 51.2432
76.2352 49.5077
71.5459 48.2584
67.7956 49.2564
65.0089 48.9877
63.3561 49.4992
59.2918 49.7518
57.1315 49.6637
55.5129 49.9841
53.462 49.8541
50.6288 50.6288
49.5986 51.3609
47.6717 51.1216
45.8585 52.7542
49.6232 59.1386
47.6395 58.8299
46.113 59.022
43.6724 60.11
41.699 59.5524
39.8145 59.0275
38.3971 59.1263
35.0226 58.2874
33.55 58.1103
32.5792 58.7744
30.599 60.0538
29.0202 59.5002
27.7238 59.4538
25.9055 61.0295
25.2485 62.4922
24.2973 63.2968
22.5619 65.5244
22.1874 68.2859
20.6414 67.5151
19.1292 66.7116
16.862 67.6296
15.6341 67.7187
14.4083 67.7856
11.1538 70.4222
9.67253 68.8236
7.07658 67.3291
5.822 66.5458
3.49604 66.7085
2.35223 67.3589
1.15709 66.2899
---------------------------
46
-1.16582 66.7898
-2.35223 67.3589
83.0239 51.8791
74.945 50.551
70.6928 49.4996
66.5821 48.3747
63.7501 49.807
60.462 48.9611
58.2194 48.8519
55.2157 49.7164
53.1694 49.5813
51.5047 49.7375
48.765 50.4977
47.1943 50.6097
45.3001 50.3109
42.8097 51.0186
41.661 51.4471
39.9564 51.1419
39.0578 51.8314
37.1104 52.9991
38.5284 57.1207
36.7631 56.6103
34.1985 56.9159
32.55 56.3783
31.0278 55.9757
30.0931 56.5969
29.1078 59.6799
27.6815 59.3632
26.4379 59.3805
25.3194 59.6487
23.6523 61.6163
23.018 63.2413
22.1386 64.2953
20.2614 66.2719
19.46 67.8651
17.9879 67.1318
16.7652 67.2415
14.4291 67.8834
13.2803 68.3213
12.2422 69.4289
11.4666 72.3976
8.36024 68.0887
5.89173 67.3428
4.65973 66.6373
3.46987 66.2091
1.16233 66.5899
---------------------------
44
78.3318 50.8693
71.9216 50.36
67.7147 49.1976
65.2485 49.1683
61.2391 49.5905
58.9088 49.4304
56.3768 49.0076
53.1694 49.5813
51.5047 49.7375
49.7803 49.7803
47.3989 50.8291
45.434 50.4595
43.8247 50.4146
42.5525 50.7121
40.1411 51.3783
38.6967 51.3523
36.4795 52.0981
35.2851 52.3123
34.0399 52.4169
33.067 52.9182
31.45 54.473
31.6096 57.0252
29.9992 56.4204
28.783 56.4898
26.5827 57.0068
25.5024 57.2793
24.577 57.8998
22.8639 59.5624
22.1287 60.7981
21.5526 62.5933
20.9204 64.3865
18.8536 65.7503
18.2467 68.0978
16.741 67.1445
15.7241 68.1085
13.3375 68.6157
12.1901 69.1335
10.9817 69.3357
10.2431 72.8837
7.42152 70.6111
6.10962 69.8332
4.85505 69.4305
2.43249 69.6575
1.21992 69.8894
---------------------------
44
82.1897 53.3746
74.945 50.551
69.8991 50.7846
66.0471 49.7701
62.9621 49.1914
59.5983 50.0089
57.2825 49.7949
55.067 49.5826
53.0963 49.5131
50.2753 50.2753
48.5566 50.2819
46.9897 50.3903
44.284 50.9429
42.8739 51.0952
41.4093 51.1362
38.9374 51.6717
37.5595 51.6962
36.5368 52.18
34.0944 52.5008
32.961 52.7486
31.7778 52.8872
30.0097 54.139
29.1542 54.831
28.1928 55.3315
27.9242 57.2532
25.7058 57.7361
24.4988 57.7157
23.4504 58.0417
22.613 58.9089
20.7061 60.135
20.4878 63.055
19.7936 64.7418
19.0465 66.4232
16.9829 68.1148
15.8366 68.5957
14.5954 68.666
13.452 69.2047
11.1068 70.1259
9.83954 70.0119
7.59922 72.3017
6.28393 71.8256
5.05037 72.2236
3.70015 70.6031
1.21992 69.8894
---------------------------
42
77.9295 52.5641
71.9216 50.36
68.1192 49.4915
64.6169 50.4842
61.55 49.8422
59.2918 49.7518
55.8845 50.3186
53.7545 50.1269
51.8644 50.0849
49.3902 51.1451
47.8081 51.2679
45.6347 50.6825
43.3882 51.708
42.1015 51.9911
40.3258 51.6147
38.8773 51.5919
36.7662 52.5076
35.2851 52.3123
34.0944 52.5008
32.0354 53.3158
31 53.6936
30.1067 54.3139
28.0566 55.0642
27.442 56.2645
26.7517 57.3693
25.6651 57.6447
23.5253 58.2271
22.5772 58.8156
21.6841 59.5765
20.8689 60.6077
19.6181 64.168
18.9087 65.9426
18.1432 67.7114
17.0071 68.2118
14.533 68.3725
13.452 69.2047
12.2422 69.4289
11.0912 70.0271
8.96958 73.0514
6.41466 73.3199
5.11315 73.1214
3.82052 72.9
---------------------------
42
84.7057 55.0085
74.8621 50.4951
70.4654 51.1961
66.5263 50.1312
64.2229 50.1764
60.4409 50.7159
57.9617 50.3853
55.4386 49.9171
52.7995 50.9879
51.1238 51.1238
49.2513 51.0012
46.7053 51.8715
44.8088 51.5467
43.4524 51.7846
41.1262 52.6391
39.4189 52.3106
38.0297 52.3434
35.9002 53.2242
34.4212 53.004
33.1729 53.0878
32.1384 53.4872
30.1067 54.3139
29.0603 54.6545
28.1928 55.3315
26.4559 56.7349
25.4617 57.1879
24.4598 57.6236
23.5628 58.3199
21.5473 59.2006
20.8038 60.4186
20.2406 62.2942
19.7059 64.4549
17.9103 66.8421
17.0797 68.5029
15.859 68.6931
14.637 68.8616
12.2596 69.5274
11.1381 70.3234
9.90912 70.5071
8.64054 70.3715
7.76647 73.893
6.47567 74.0173
---------------------------
40
80.1769 52.0675
74.0513 51.8513
71.1935 51.7251
67.0854 50.5525
63.2597 51.2267
60.9005 51.1016
58.4145 50.779
54.7784 51.0817
53.0153 51.1963
50.3627 52.1521
48.6265 52.1455
46.4377 51.5743
44.8744 51.6221
42.7309 52.7682
41.0646 52.5603
39.4189 52.3106
37.1104 52.9991
35.6206 52.8097
34.2578 52.7524
32.1899 53.573
31 53.6936
29.8643 53.8766
27.875 54.7078
26.7845 54.9163
25.9488 55.6473
25.2583 56.7312
23.1881 57.3927
22.2188 57.882
21.3421 58.6368
20.7712 60.3241
18.8872 61.7773
18.6331 64.9813
17.8068 66.4557
16.9587 68.0177
14.5954 68.666
13.452 69.2047
12.3985 70.3153
11.2007 70.7185
8.8599 72.1581
6.57154 75.1131
---------------------------
40
74.8705 52.4249
71.0786 53.5615
66.5081 51.9618
63.4928 51.4155
60.1503 52.2879
57.4451 51.7238
55.2903 51.5591
52.3259 52.3259
50.1543 51.9363
48.2855 51.7798
45.3993 52.2259
43.9024 52.3208
42.4162 52.3796
39.78 52.7898
38.4999 52.9906
36.9383 52.7534
35.5087 52.6439
33.2789 53.2574
32.1899 53.573
30.7 53.174
28.5439 53.6832
27.3302 53.6386
26.3899 54.1074
24.2822 54.5387
23.2876 54.8621
22.4764 55.631
20.487 56.2876
19.6969 57.2039
18.9736 58.3949
18.3025 59.8647
17.7235 61.8091
16.112 64.6217
15.5891 67.5238
14.5954 68.666
13.452 69.2047
12.5721 71.3001
10.2014 72.5867
8.78678 71.5626
7.5156 71.5061
6.51053 74.4157
---------------------------
38
72.596 54.705
66.5237 53.8698
63.3519 53.1585
61.056 53.0752
57.0456 53.1959
55.1734 53.2803
52.6087 52.6087
50.7795 52.5837
47.7759 53.0605
45.9897 52.9051
43.6119 53.8562
41.9265 53.6635
40.3216 53.5086
37.9134 54.146
36.2916 53.8045
35.0748 54.0104
33.9148 54.2751
31.95 55.339
30.2521 54.5763
29.0603 54.6545
26.916 55.186
25.7375 55.1941
24.6076 55.2695
22.7386 56.2801
22.0038 57.3218
20.8632 57.3213
20.0224 58.1494
18.3025 59.8647
17.6132 61.4246
16.9009 63.075
16.2572 65.2039
15.7241 68.1085
13.6238 70.0882
12.4853 70.8077
11.5136 72.6939
8.93302 72.7536
7.69329 73.1968
5.26661 75.3161
---------------------------
39
170.046 68.7029
125.732 66.8528
79.1163 61.8124
75.694 61.2958
65.1904 54.7012
61.2351 55.1364
57.6307 53.7415
56.1804 54.2528
52.1688 54.0224
50.6043 54.2664
48.3781 53.7294
45.8308 54.619
44.5559 55.0219
42.5422 54.4515
40.2045 55.3368
39.0032 55.7023
37.2982 55.2968
34.7627 55.632
33.735 56.1445
32.05 55.5122
29.6237 55.714
28.5106 55.9552
27.5735 56.5341
26.1178 56.0098
24.069 56.7031
23.1881 57.3927
22.2188 57.882
21.3421 58.6368
19.4372 59.8215
18.6826 61.1079
18.0542 62.9626
17.315 64.6204
15.4316 66.8418
14.6994 69.155
13.8337 71.168
12.7284 72.1864
10.3127 73.3789
7.77692 73.9924
6.51053 74.4157
---------------------------
40
170.046 68.7029
96.4961 67.5673
78.8799 61.6277
76.0826 61.6105
71.7729 62.3912
69.484 62.5637
59.971 55.9239
56.3564 56.3564
54.1834 56.1085
51.7637 55.5097
48.4828 55.773
46.5378 55.4616
45.4369 56.1099
42.3076 56.1441
40.7923 56.1458
39.6341 56.6034
36.6542 56.4425
35.0807 56.1408
33.9925 56.573
32.1 55.5988
29.8114 56.0672
28.7376 56.4007
26.4559 56.7349
25.299 56.8225
24.4207 57.5316
23.4878 58.1344
21.4447 58.9187
20.6085 59.8513
19.8698 61.1529
19.0919 62.4467
17.1856 64.1375
16.4507 65.9801
15.6791 67.9136
14.8657 69.9376
13.9863 71.9533
11.67 73.6815
10.4797 74.5672
9.2377 75.235
7.95462 75.6831
6.67613 76.3085
---------------------------
38
81.5407 61.4453
77.0929 62.4286
74.1531 62.2218
71.1691 61.8664
66.6995 62.1982
64.6686 62.4498
61.2354 61.2354
58.7201 62.9696
55.2702 61.3838
53.6 61.6598
49.8422 61.55
48.5757 62.174
44.7149 59.3386
41.1254 58.7332
39.3113 58.2813
38.3971 59.1263
34.8681 58.0302
33.55 58.1103
32.5307 58.687
30.5626 57.4799
28.2311 57.8823
27.1321 58.185
26.4786 59.4718
24.312 60.1742
23.6523 61.6163
22.5733 62.0197
21.8456 63.4443
19.8813 65.0287
19.1017 66.6154
18.2209 68.0012
17.4184 69.8613
15.3855 72.3829
14.6923 75.5853
13.9613 79.1785
9.50581 77.4186
8.19503 77.9705
5.52471 79.0071
4.20781 80.2898
---------------------------
30
83.0581 62.5888
79.8255 62.3665
76.7043 62.1139
73.0559 63.5065
70.2272 63.2328
67.1383 62.6075
64.2053 64.2053
60.2963 62.4387
57.4243 61.58
54.2561 62.4145
53.2228 63.4285
50.3456 62.1717
47.5434 63.0922
45.6709 62.8606
44.1654 63.0747
41.5015 63.9067
40.2209 64.3669
38.0613 63.3447
37.15 64.3457
35.0226 65.8679
33.5499 65.8454
32.3956 66.4209
30.2205 67.8764
28.9532 68.2094
27.6834 68.5189
26.9134 70.1119
24.8083 72.0485
24.3196 74.8481
24.1207 78.8951
22.8779 79.7847
