---------------------------
26
111.24 80.8205
109.493 82.5088
81.4449 65.9528
79.209 66.4642
76.2257 66.262
66.468 66.468
62.2665 66.7726
60.4225 67.106
57.3396 65.9616
50.9768 65.2473
48.6267 64.5298
46.0824 63.4269
43.4493 64.4162
42.1006 64.8292
35.5 61.4878
33.4034 60.2613
28.9325 59.3204
27.766 59.5444
26.926 60.4767
25.0237 61.9359
23.939 62.3632
23.0522 63.3353
22.1386 64.2953
21.5694 66.3838
19.5703 68.2496
19.1526 71.4785
---------------------------
29
81.4803 63.6594
79.3466 64.2536
76.4512 64.1502
68.7472 64.1078
63.1446 63.1446
49.5826 55.067
46.9235 55.9212
45.3111 55.9545
42.9732 55.0032
40.3221 55.4986
38.3149 54.7194
37.0745 54.9652
34.5507 55.2927
33.117 55.1159
32.15 55.6854
29.7175 55.8906
28.7376 56.4007
27.7489 56.8937
26.6672 57.188
24.7333 58.268
23.6377 58.5053
22.8639 59.5624
21.9235 60.2343
20.0552 61.7236
19.2381 62.9249
18.578 64.789
18.2209 68.0012
16.1065 69.7649
14.8068 76.1743
---------------------------
31
80.4559 62.859
77.4814 62.7432
57.9653 52.1922
55.3172 53.4192
53.3866 53.3866
50.5017 52.296
49.3085 52.8769
47.0394 54.1127
45.0594 53.6997
43.3602 53.5454
40.7429 54.0676
38.7938 53.3951
36.739 54.4678
35.3471 54.4297
33.9678 54.3599
32.6019 54.2587
30.5915 55.1885
29.3889 55.2725
28.1474 55.2424
26.2446 56.2817
25.1363 56.4571
24.1472 56.8872
22.1471 57.6953
21.5815 59.2946
20.4457 59.3786
19.6226 60.3921
18.9749 62.0642
17.0303 63.5579
16.3055 65.3979
15.7691 68.3033
14.9073 70.1332
---------------------------
34
169.708 61.7688
125.721 64.0581
120.699 64.1768
81.0615 61.0842
57.4451 51.7238
55.9486 52.1729
53.7347 51.891
50.5711 52.3679
49.1039 52.6575
47.709 52.9862
44.8666 53.4699
43.3602 53.5454
41.6803 53.3483
39.9003 52.9495
37.3972 53.4087
36.2916 53.8045
34.748 53.5072
32.7049 54.4301
31.05 53.7802
29.9612 54.0515
28.0566 55.0642
26.6968 54.7366
25.6952 55.1035
24.7296 55.5436
22.5513 55.8165
21.8963 57.0418
21.0684 57.8851
19.19 59.0606
18.5071 60.5341
17.751 61.9053
17.0044 63.4613
16.4507 65.9801
14.5746 68.5681
13.5665 69.7937
---------------------------
34
133.227 62.1249
80.6622 60.7833
78.1707 61.0736
58.5655 50.9102
56.6276 50.9878
54.047 50.3997
50.9824 50.9824
49.5986 51.3609
48.2173 51.7067
45.7929 52.6787
43.7096 52.091
42.2274 52.1465
39.5392 52.4704
38.0297 52.3434
36.7662 52.5076
34.4757 53.0878
33.2789 53.2574
31.8294 52.9729
29.6219 53.4393
28.5439 53.6832
27.421 53.8168
26.4776 54.2872
24.4855 54.9954
23.4829 55.3223
22.4389 55.5383
21.8246 56.855
19.8922 57.7712
19.19 59.0606
18.5071 60.5341
16.5903 61.9158
15.8459 63.5544
15.1617 65.6725
14.5122 68.2747
13.681 70.3827
---------------------------
33
79.1448 59.6399
76.1603 61.6734
55.924 48.614
53.9008 50.2633
51.7925 50.0154
50.4874 50.4874
48.2173 51.7067
46.7053 51.8715
45.0056 51.7731
42.4162 52.3796
40.449 51.7723
39.2383 52.071
36.7662 52.5076
35.5087 52.6439
34.2033 52.6685
32.855 52.579
30.5 52.8275
29.0401 52.3897
28.45 53.5066
26.1708 53.658
25.1458 53.9253
24.2008 54.356
22.364 55.3529
21.4662 55.9215
20.7264 56.9454
19.8271 57.5821
18.0686 59.0996
17.4478 60.8479
16.7197 62.3988
16.0394 64.3306
14.0132 65.9271
13.4902 69.401
12.0298 75.9532
---------------------------
35
134.931 60.075
125.831 61.372
86.8301 60.7991
80.659 58.6022
77.6979 60.7042
55.7359 50.1848
53.6082 49.9905
50.9117 50.9117
49.1123 50.8573
47.3989 50.8291
45.2025 51.9995
42.9382 51.1718
41.3463 51.0585
38.8773 51.5919
37.7946 52.0198
36.4221 52.0162
34.0944 52.5008
32.749 52.4094
31.3143 52.1158
30.3 52.4811
28.2622 53.1534
27.0124 53.0149
25.9954 53.2985
24.2822 54.5387
23.1704 54.5859
22.364 55.3529
21.3946 55.7348
19.6643 57.1093
18.5719 57.1585
18.1563 59.3865
17.5857 61.3285
15.7007 62.9722
14.9817 64.893
14.2004 66.8075
13.4902 69.401
---------------------------
35
83.6524 60.777
78.6656 59.2788
76.6734 59.9039
71.5486 60.0364
57.9617 50.3853
53.9008 50.2633
52.0802 50.2933
50.2046 50.2046
48.0127 51.4873
46.4377 51.5743
44.4152 51.0938
41.7239 51.5248
40.3258 51.6147
38.8773 51.5919
37.3831 51.4535
34.3344 50.9029
33.6587 51.8298
32.3781 51.8157
30.45 52.7409
28.9431 52.2148
28.0275 52.712
26.0831 53.4782
25.2303 54.1066
24.1195 54.1732
22.1392 54.7966
21.3229 55.548
20.4186 56.0997
19.6643 57.1093
17.9224 58.6215
17.4478 60.8479
16.5127 61.6261
15.7733 63.2633
15.0942 65.3802
13.2612 68.2231
12.0142 75.8545
---------------------------
35
126.64 61.7665
89.5361 60.3928
80.659 58.6022
76.7523 59.9654
73.5957 59.5966
55.924 48.614
55.2157 49.7164
53.1694 49.5813
50.9117 50.9117
48.9039 50.6415
47.3307 50.7559
44.612 51.3203
42.7454 50.942
41.2205 50.9031
38.8773 51.5919
37.5007 51.6153
36.1927 51.6885
33.931 52.2492
32.3781 51.8157
31.3658 52.2015
30.15 52.2213
28.1213 52.8886
26.9216 52.8367
25.9077 53.1187
24.1195 54.1732
23.0141 54.2177
22.2142 54.982
21.3946 55.7348
19.5666 56.8257
18.7264 57.634
18.0686 59.0996
16.3832 61.1431
15.6523 62.7781
15.0942 65.3802
14.138 66.514
---------------------------
34
90.5764 58.821
81.6298 59.3075
78.7455 59.339
76.2794 59.596
56.6787 49.27
53.2425 49.6495
51.7925 50.0154
50.6996 50.6996
47.6035 51.0485
45.9024 50.9797
44.2184 50.8674
41.3463 51.0585
40.1411 51.3783
38.3958 50.9529
36.1927 51.6885
34.67 51.4003
33.3864 51.4105
31.8481 50.9677
30.15 52.2213
29.0401 52.3897
27.8397 52.3588
25.9954 53.2985
24.8922 53.3815
24.1195 54.1732
23.0141 54.2177
21.3946 55.7348
20.4186 56.0997
19.6643 57.1093
18.9736 58.3949
17.503 61.0401
16.4609 61.4329
15.7733 63.2633
15.0942 65.3802
13.204 67.9286
---------------------------
34
80.7399 58.661
78.2663 58.9779
74.7614 60.5406
54.8441 49.3818
53.6082 49.9905
52.296 50.5017
49.1123 50.8573
47.3989 50.8291
45.7016 50.7568
42.9382 51.1718
41.3463 51.0585
39.9564 51.1419
37.677 51.858
36.0206 51.4427
34.5581 51.2345
32.2191 51.5613
31.3658 52.2015
30.15 52.2213
28.7492 51.8649
26.8762 52.7476
25.8201 52.939
24.8922 53.3815
23.0141 54.2177
22.2142 54.982
21.3946 55.7348
19.4364 56.4475
18.6646 57.4438
17.9224 58.6215
17.31 60.3672
16.6421 62.109
14.8018 64.1136
14.0756 66.2206
13.3757 68.8121
12.4506 70.6107
---------------------------
34
80.2545 58.3083
76.6734 59.9039
73.518 59.5337
56.9806 49.5325
54.7698 49.3149
53.6082 49.9905
50.9117 50.9117
48.9734 50.7135
47.6035 51.0485
44.612 51.3203
42.7454 50.942
41.2205 50.9031
38.8773 51.5919
37.5007 51.6153
36.1927 51.6885
33.8221 52.0814
32.3781 51.8157
31.2113 51.9443
28.9431 52.2148
27.8397 52.3588
26.9216 52.8367
25.8201 52.939
24.1195 54.1732
23.0141 54.2177
22.2142 54.982
21.3946 55.7348
19.4364 56.4475
18.7264 57.634
18.0686 59.0996
17.3927 60.6556
15.6523 62.7781
14.8468 64.3084
14.2004 66.8075
13.4902 69.401
---------------------------
31
79.2246 59.7001
76.2794 59.596
55.924 48.614
54.3239 48.9134
52.0802 50.2933
48.2173 51.7067
46.3038 51.4256
44.4152 51.0938
42.6168 50.7887
39.9564 51.1419
38.6967 51.3523
37.3831 51.4535
34.8377 51.649
33.6587 51.8298
32.2191 51.5613
29.95 51.8749
28.9431 52.2148
27.8397 52.3588
25.8201 52.939
25.0613 53.7441
24.0381 53.9905
23.1704 54.5859
21.3229 55.548
20.4186 56.0997
19.5992 56.9202
18.7264 57.634
17.1998 59.9827
16.5903 61.9158
15.8459 63.5544
15.0942 65.3802
14.3875 67.6878
---------------------------
32
80.7399 58.661
78.3461 59.0381
55.067 49.5826
53.6814 50.0587
53.1592 51.3353
50.9117 50.9117
47.8081 51.2679
46.3038 51.4256
44.0216 50.641
41.3463 51.0585
40.1411 51.3783
38.5763 51.1925
36.3074 51.8523
34.8377 51.649
33.6587 51.8298
31.3143 52.1158
30.1 52.1347
28.9431 52.2148
27.8397 52.3588
25.8201 52.939
24.8922 53.3815
24.1195 54.1732
22.2142 54.982
21.3229 55.548
20.4186 56.0997
19.5992 56.9202
18.0686 59.0996
17.3927 60.6556
16.6421 62.109
15.7733 63.2633
14.2627 67.1009
12.5027 70.9062
---------------------------
34
81.1444 58.9549
79.2246 59.7001
75.15 60.8553
54.9927 49.5157
54.3396 50.6725
52.296 50.5017
49.5986 51.3609
47.8081 51.2679
45.9024 50.9797
43.131 51.4016
41.5351 51.2916
39.9564 51.1419
37.7946 52.0198
36.4795 52.0981
34.8936 51.7319
32.643 52.2398
31.4173 52.2872
30.05 52.0481
29.0401 52.3897
27.1032 53.1931
25.9954 53.2985
25.0613 53.7441
24.1195 54.1732
22.2891 55.1674
21.3946 55.7348
20.5554 56.4755
19.0354 58.5851
18.0686 59.0996
17.503 61.0401
16.5903 61.9158
14.9592 64.7956
14.3251 67.3944
13.4902 69.401
12.3985 70.3153
---------------------------
34
89.619 60.4488
79.3045 59.7602
77.2251 60.3348
73.9843 59.9113
55.067 49.5826
53.2311 51.4047
52.3259 52.3259
50.0154 51.7925
48.0809 51.5604
45.2025 51.9995
43.131 51.4016
41.3463 51.0585
39.2383 52.071
37.9709 52.2625
36.4221 52.0162
33.8221 52.0814
32.749 52.4094
31.3658 52.2015
30.3 52.4811
28.2152 53.0651
27.194 53.3713
26.1708 53.658
24.2822 54.5387
23.3266 54.9541
22.364 55.3529
21.4662 55.9215
19.7294 57.2984
18.9427 58.2998
18.3609 60.0559
16.5903 61.9158
15.7249 63.0692
15.0942 65.3802
14.5746 68.5681
13.681 70.3827
---------------------------
32
123.672 63.0139
79.3045 59.7602
58.2636 50.6478
56.1074 50.5194
53.3031 51.4742
51.6188 51.6188
50.0154 51.7925
47.1068 52.3174
45.9897 52.9051
43.7096 52.091
41.7239 51.5248
39.5392 52.4704
38.1473 52.5052
36.4221 52.0162
34.5846 53.2556
32.908 52.6638
31.8294 52.9729
29.5249 53.2643
28.45 53.5066
27.194 53.3713
25.2303 54.1066
24.3635 54.7214
23.4829 55.3223
22.5139 55.7237
20.7264 56.9454
20.0224 58.1494
19.19 59.0606
17.5305 61.1362
16.7456 62.4954
16.0394 64.3306
15.4316 66.8418
14.6994 69.155
---------------------------
31
134.84 77.85
80.5823 60.7231
56.8506 51.1885
54.0224 52.1688
51.8309 51.8309
48.6947 52.2187
47.7759 53.0605
45.9897 52.9051
44.0952 52.5506
41.4956 53.1119
39.5392 52.4704
38.1473 52.5052
35.9561 53.3071
34.5846 53.2556
33.2789 53.2574
31.8294 52.9729
29.8158 53.7891
28.5439 53.6832
27.648 54.2623
25.6107 54.9222
24.3635 54.7214
23.7565 55.9667
22.8885 56.6509
21.0684 57.8851
20.3806 59.1895
19.5608 60.2019
18.7995 61.4904
17.0044 63.4613
16.1604 64.8158
15.7016 68.011
14.9073 70.1332
---------------------------
28
81.5407 61.4453
79.1163 61.8124
75.0724 62.9932
69.4097 62.4968
66.7726 62.2665
61.4476 61.4476
59.3933 61.5036
57.6971 61.8725
45.895 54.6956
43.8967 56.1852
40.7429 54.0676
39.0877 53.7996
36.739 54.4678
35.1837 54.1781
34.0738 54.5295
31.75 54.9926
30.3491 54.7512
29.1542 54.831
28.4198 55.777
26.3291 56.463
25.3397 56.9139
24.4598 57.6236
22.7922 59.3757
22.0261 60.5162
21.227 61.6478
20.3024 62.4844
19.472 63.6899
17.3458 69.5702
