---------------------------
25
80.659 58.6022
77.2251 60.3348
62.8703 60.7131
61.6597 61.6597
57.7653 61.9457
56.3408 62.5728
42.2344 54.0575
39.6167 54.5277
38.3149 54.7194
36.739 54.4678
35.5105 54.6813
33.117 55.1159
32.45 56.2051
30.7854 55.5384
28.8284 56.5789
27.5297 56.4443
26.5404 56.9161
25.7464 57.8274
23.7875 58.8762
22.9714 59.8425
22.0945 60.7041
20.3333 62.5795
19.5304 63.8812
18.826 65.6542
18.1432 67.7114
---------------------------
34
127.949 65.193
78.2319 56.8388
55.8485 48.5484
53.5064 48.1774
51.7067 48.2173
49.9924 49.9924
48.0704 49.7783
46.3759 49.7321
43.6279 50.1882
42.6168 50.7887
40.8429 50.4368
39.4639 50.5115
37.0892 51.049
35.7912 51.1151
34.5581 51.2345
32.2191 51.5613
30.8508 51.3443
29.85 51.7017
27.9336 52.5354
27.0124 53.0149
25.9954 53.2985
23.9568 53.8078
23.1704 54.5859
22.2142 54.982
21.3946 55.7348
19.4364 56.4475
18.7882 57.8242
18.0978 59.1953
17.3927 60.6556
15.6523 62.7781
14.8468 64.3084
14.3875 67.6878
13.6047 69.99
12.85 72.8758
---------------------------
35
81.2599 56.8988
61.78 48.2679
58.6024 49.1733
54.8674 47.6955
53.5064 48.1774
50.8573 49.1123
49.0732 49.0732
47.2368 48.9151
44.3634 49.2705
43.1031 49.5844
41.5241 49.4865
39.3408 50.3539
37.9745 50.3939
36.5015 50.24
35.275 50.3778
33.1141 50.9912
31.7422 50.7981
30.7478 51.1729
28.7492 51.8649
27.3702 51.4758
26.4676 51.9457
24.5541 52.6565
23.6314 53.077
22.7015 53.4813
20.7495 54.0543
19.8714 54.5961
19.3062 56.0693
18.4483 56.7781
16.5658 57.7718
16.0727 59.984
15.4346 61.9049
14.7793 64.0161
14.138 66.514
12.0685 68.4441
10.3406 73.5769
---------------------------
38
80.0927 58.1907
54.9927 49.5157
53.1694 49.5813
51.0731 49.3207
49.3561 49.3561
46.9897 50.3903
45.3001 50.3109
43.4967 50.0372
41.3463 51.0585
39.6486 50.7479
38.2153 50.7134
36.4795 52.0981
34.8377 51.649
33.4953 51.5782
31.3658 52.2015
30.05 52.0481
29.1371 52.5646
26.9216 52.8367
25.9954 53.2985
24.8077 53.2003
23.8754 53.6251
21.8396 54.0548
20.8212 54.241
19.9398 54.7841
19.1109 55.5019
17.3376 56.7089
16.6485 58.0602
15.9433 59.501
15.362 61.6138
13.6806 64.3621
13.0895 67.3396
12.3811 70.2168
11.3259 71.5086
9.20114 74.9372
6.70228 76.6074
5.36427 76.7127
3.78912 72.3008
1.27403 72.9889
---------------------------
40
79.6882 57.8968
60.2877 50.5874
57.9617 50.3853
54.9927 49.5157
51.7925 50.0154
50.2046 50.2046
48.4872 50.2099
46.7851 50.1709
44.4152 51.0938
42.424 50.5589
41.0317 50.6699
39.0578 51.8314
37.3831 51.4535
36.3074 51.8523
33.8221 52.0814
32.749 52.4094
31.4688 52.3729
29.2825 52.827
28.2152 53.0651
27.1032 53.1931
25.9954 53.2985
24.0788 54.0819
23.1704 54.5859
22.1767 54.8893
20.0766 55.16
19.1109 55.5019
18.4483 56.7781
17.5131 57.2827
15.9433 59.501
15.3137 61.4197
14.5993 63.2366
14.2627 67.1009
13.3757 68.8121
11.3728 71.8049
10.2571 72.9827
7.67239 72.9979
6.51053 74.4157
5.21081 74.518
2.54766 72.9555
1.27926 73.2888
---------------------------
36
54.8441 49.3818
53.2425 49.6495
51.7925 50.0154
51.1238 51.1238
47.8081 51.2679
45.9024 50.9797
44.612 51.3203
41.7239 51.5248
40.449 51.7723
38.8773 51.5919
36.5942 52.2619
35.5647 52.7268
34.0944 52.5008
31.9839 53.2301
30.9 53.5204
29.4764 53.1769
27.5118 53.995
26.4776 54.2872
25.3148 54.2878
24.2008 54.356
22.2891 55.1674
21.3229 55.548
20.4186 56.0997
18.3865 56.5879
17.5131 57.2827
16.8414 58.7331
16.2538 60.6601
14.4644 62.652
13.8885 65.3403
13.3185 68.5176
12.4332 70.5122
11.4823 72.4963
8.96958 73.0514
7.76647 73.893
3.73679 71.3021
2.50229 71.6563
---------------------------
37
77.3039 60.3964
56.1074 50.5194
53.6814 50.0587
50.9117 50.9117
49.1123 50.8573
47.8081 51.2679
45.2025 51.9995
43.8381 52.2442
42.2274 52.1465
39.7198 52.7099
38.3236 52.7479
37.2251 53.163
35.6765 52.8926
33.5439 53.6814
32.3444 53.8301
30.9 53.5204
28.6847 53.9481
27.648 54.2623
26.5653 54.4669
24.4449 54.9041
23.6002 55.5985
22.6262 56.0019
21.6454 56.3883
19.7294 57.2984
18.8809 58.1096
18.0686 59.0996
17.31 60.3672
15.5072 62.196
14.7793 64.0161
14.138 66.514
13.452 69.2047
11.3728 71.8049
10.5076 74.7652
7.80828 74.2908
6.42338 73.4195
3.77342 72.0012
2.51625 72.0561
---------------------------
39
-1.26879 72.6889
79.2246 59.7001
76.6734 59.9039
54.9927 49.5157
52.7276 50.9185
50.9117 50.9117
49.3207 51.0731
46.973 52.1688
45.5305 52.3768
43.7096 52.091
41.6803 53.3483
39.7198 52.7099
38.6175 53.1524
36.1239 53.5558
34.748 53.5072
33.6499 53.8511
32.3444 53.8301
30.2521 54.5763
28.8725 54.3013
27.7388 54.4405
25.6952 55.1035
24.7296 55.5436
23.6783 55.7826
21.7888 56.7617
20.7264 56.9454
19.8922 57.7712
19.0972 58.7753
17.3376 60.4634
16.5127 61.6261
15.7007 62.9722
15.0267 65.0879
14.5746 68.5681
10.7024 76.1516
9.323 75.9298
7.93371 75.4842
5.31544 76.0144
4.00893 76.495
2.60699 74.6545
1.32987 76.1884
---------------------------
37
130.8 66.6458
79.7038 60.0611
77.2251 60.3348
57.4451 51.7238
53.9739 50.3315
53.1592 51.3353
50.9117 50.9117
48.8311 52.3649
47.3075 52.5403
45.7929 52.6787
43.1714 53.3122
41.865 53.5847
40.2012 53.3489
37.9708 54.2279
36.6271 54.302
35.0203 53.9265
32.8594 54.6873
31.65 54.8194
30.3491 54.7512
29.295 55.0959
27.0913 55.5455
25.991 55.7379
25.055 56.2744
23.0383 57.0218
22.1471 57.6953
21.1368 58.073
20.2829 58.9058
18.3902 60.1516
17.5305 61.1362
16.7456 62.4954
15.9668 64.0395
14.4291 67.8834
13.5474 69.6955
12.6242 71.5955
10.8555 77.2409
9.46925 77.1208
6.83301 78.1017
---------------------------
38
80.183 60.4222
77.2251 60.3348
74.0765 62.1576
58.4145 50.779
54.1933 50.5361
54.0224 52.1688
52.2552 52.2552
49.1721 52.7306
47.9767 53.2835
46.3834 53.358
43.9266 54.2448
42.2344 54.0575
40.2012 53.3489
38.0281 54.3098
36.739 54.4678
35.5105 54.6813
33.426 55.6302
31.8 55.0792
30.8339 55.6258
29.5298 55.5374
27.3544 56.0848
26.3714 56.5536
25.3397 56.9139
24.2644 57.1633
22.2546 57.9753
21.4105 58.8248
20.4782 59.4731
18.5948 60.821
17.7235 61.8091
16.7974 62.6886
16.0394 64.3306
14.5746 68.5681
13.681 70.3827
12.6242 71.5955
12.0142 75.8545
9.50581 77.4186
8.16367 77.6722
7.14677 81.688
---------------------------
36
129.516 63.1693
78.0919 61.0121
74.5361 62.5432
56.5336 52.7185
54.5979 52.7246
52.6087 52.6087
49.7859 53.3888
48.2443 53.5807
46.9738 54.0372
45.0594 53.6997
42.6038 54.5303
41.104 54.5468
39.2641 54.0423
36.9067 54.7165
35.6739 54.9329
34.2328 54.7839
32.2 55.772
30.9309 55.8007
29.7175 55.8906
27.5735 56.5341
26.4559 56.7349
25.4617 57.1879
23.2631 57.5781
22.2546 57.9753
21.4105 58.8248
20.6736 60.0404
19.7153 60.6774
17.751 61.9053
16.875 62.9784
16.1604 64.8158
15.5216 67.2315
13.6047 69.99
12.7284 72.1864
11.5292 72.7926
10.9112 77.637
8.19503 77.9705
---------------------------
33
74.6127 62.6075
56.3142 52.5139
54.5979 52.7246
51.1963 53.0153
49.7859 53.3888
48.1774 53.5064
46.5802 53.5844
44.1154 54.4779
42.7885 54.7667
41.0438 54.4669
38.3149 54.7194
37.0745 54.9652
35.6739 54.9329
33.2715 55.373
32.05 55.5122
30.9309 55.8007
28.7376 56.4007
27.7489 56.8937
26.5404 56.9161
24.5379 57.8077
23.338 57.7636
22.5055 58.6288
21.4789 59.0127
20.5434 59.6622
18.6533 61.0122
17.751 61.9053
16.875 62.9784
15.0267 65.0879
14.3459 67.4922
13.6238 70.0882
12.85 72.8758
12.0298 75.9532
8.36228 79.5618
---------------------------
34
76.5489 61.9881
57.0456 53.1959
54.8137 52.933
51.4047 53.2311
49.7859 53.3888
47.0394 54.1127
45.5094 54.236
44.3042 54.7111
41.6456 55.2656
39.9694 55.0132
38.6591 55.2108
37.0745 54.9652
35.1336 56.2256
33.5805 55.8873
32.45 56.2051
29.9523 56.3321
28.9646 56.8462
27.8804 57.1633
25.6651 57.6447
24.5379 57.8077
23.5253 58.2271
22.4338 58.4421
20.4457 59.3786
19.499 60.0117
18.5071 60.5341
17.7235 61.8091
15.7733 63.2633
15.0267 65.0879
14.4499 67.9813
13.7382 70.6772
12.7979 72.5803
10.8137 76.9438
9.63986 78.5104
8.31001 79.0645
---------------------------
39
125.379 66.665
67.2231 54.4362
65.267 54.7655
57.9963 54.0825
56.612 54.6696
54.8715 54.8715
53.1414 55.0295
48.9134 54.3239
47.6955 54.8674
46.2807 55.1552
43.9582 56.264
42.3678 56.2239
41.0274 56.4694
38.3606 56.872
37.3622 57.5328
35.5576 56.904
33.4 57.8505
31.9974 57.7249
30.8443 58.0097
29.6002 58.0936
27.4279 58.8194
26.1532 58.741
24.9286 58.7282
22.7564 59.2824
21.8209 59.9524
20.7712 60.3241
19.7153 60.6774
17.8889 62.3859
16.9526 63.2681
16.1604 64.8158
16.0165 69.3751
14.1199 72.6404
13.232 75.0424
12.3114 77.7311
10.9529 77.9341
9.6033 78.2126
8.19503 77.9705
7.0509 80.5922
4.29155 81.8876
---------------------------
38
81.4237 57.0135
76.4521 55.5457
72.8122 56.8871
69.3991 56.1983
66.2628 55.6011
63.6132 57.2776
60.6292 56.5377
59.3455 57.3093
63.3576 67.9428
60.4894 67.1803
58.258 67.0182
54.9397 67.8448
52.6391 67.3749
50.9737 67.6444
48.2951 68.9726
46.5808 69.0588
44.8783 69.1065
43.0824 68.9463
37.2334 67.1708
34.7409 65.3381
31.2559 64.084
29.372 62.9884
26.8823 63.3307
25.3609 62.7703
24.1898 63.0167
23.7704 65.3086
21.4767 66.0984
20.8461 68.1845
20.1215 70.1721
19.4114 72.4444
16.7161 78.6431
15.6463 80.4934
14.1176 80.0649
11.0643 78.7263
8.19503 77.9705
6.97246 79.6956
5.60842 80.2042
4.20781 80.2898
---------------------------
35
89.0386 60.0573
82.6006 60.0129
81.5407 61.4453
76.3953 68.7866
75.0369 69.973
72.1956 72.1956
70.091 72.5814
68.4044 73.3548
65.1733 72.3823
61.3862 73.1572
58.8415 72.6631
56.8871 72.8122
53.3709 73.4587
50.4174 72.0035
48.8175 72.375
45.785 73.2714
43.6237 72.6021
41.85 72.4863
38.6845 72.7549
35.7745 70.2113
34.6752 71.0946
32.0102 71.896
30.3598 71.5232
29.6314 73.3402
28.6336 74.5931
26.957 78.2889
26.3282 81.03
13.3126 84.0523
11.5374 82.0932
9.85923 80.297
8.40409 79.9596
5.56657 79.6056
4.18688 79.8904
2.80592 80.351
1.39619 79.9878
---------------------------
28
133.651 65.1858
81.0075 63.29
77.7535 65.2429
76.0747 66.1308
73.6457 66.3108
69.5517 64.858
67.5287 67.5287
64.5338 66.8267
62.2665 66.7726
59.5702 68.5276
56.501 67.3353
54.3733 67.1454
49.8905 66.2069
48.6686 66.9866
46.9759 67.0886
44.9591 66.6546
36.1042 60.0874
33.9852 61.3108
33.6611 63.3073
32.0971 62.9942
30.6421 62.8257
27.9021 62.6692
26.6869 62.8705
26.4847 65.5519
24.1808 66.4363
23.4409 68.0773
22.2492 68.4761
21.3431 69.8102
---------------------------
32
133.471 65.0981
127.058 64.7391
79.1163 61.8124
76.5489 61.9881
69.4097 62.4968
53.2311 51.4047
51.4067 51.4067
49.5986 51.3609
47.3075 52.5403
45.5961 52.4523
43.9024 52.3208
41.1262 52.6391
40.0207 53.1093
38.6175 53.1524
37.5693 53.6545
35.5105 54.6813
34.0738 54.5295
32.8594 54.6873
30.9309 55.8007
29.8584 56.1555
28.5106 55.9552
26.7517 57.3693
25.8278 58.0101
24.7333 58.268
23.7875 58.8762
21.8209 59.9524
21.1294 61.3642
20.2406 62.2942
19.2965 63.1161
17.5997 65.683
16.8861 67.7266
16.264 70.447
---------------------------
33
77.6979 60.7042
75.6163 61.2329
71.6252 60.1006
54.7698 49.3149
52.0083 50.2238
50.2046 50.2046
48.6955 50.4257
46.1031 51.2027
44.4152 51.0938
42.9382 51.1718
41.661 51.4471
39.4189 52.3106
37.9709 52.2625
36.5942 52.2619
34.639 53.3394
33.2789 53.2574
32.1384 53.4872
31.05 53.7802
28.7786 54.1247
27.6934 54.3514
26.653 54.6467
24.8516 55.8176
23.8737 56.2428
22.7761 56.3728
22.0038 57.3218
20.2829 58.9058
19.5608 60.2019
18.741 61.2991
17.9716 62.6743
16.0394 64.3306
15.2292 65.9649
14.7201 69.2529
14.1389 72.7386
---------------------------
32
78.1707 61.0736
75.694 61.2958
71.3201 61.9976
54.2496 48.8465
52.296 50.5017
49.6389 49.6389
48.6955 50.4257
46.7053 51.8715
45.0056 51.7731
43.131 51.4016
40.6337 52.0087
39.5392 52.4704
37.9709 52.2625
35.8443 53.1413
34.4757 53.0878
33.7029 53.9359
32.2414 53.6587
29.9612 54.0515
29.0133 54.5662
27.8296 54.6187
25.822 55.3754
24.7296 55.5436
23.8737 56.2428
22.8885 56.6509
20.9658 57.6032
20.2178 58.7167
19.4372 59.8215
18.5948 60.821
16.7197 62.3988
16.0394 64.3306
15.6116 67.6213
14.6994 69.155
---------------------------
31
79.5891 62.1818
76.6266 62.051
52.5118 50.7101
51.4067 51.4067
48.9734 50.7135
47.1068 52.3174
46.0553 52.9806
43.581 51.9378
41.6803 53.3483
40.2012 53.3489
38.6763 53.2333
36.6271 54.302
35.3471 54.4297
33.8088 54.1055
32.7049 54.4301
30.446 54.9261
29.295 55.0959
28.0566 55.0642
25.991 55.7379
25.1363 56.4571
23.8737 56.2428
22.1471 57.6953
21.2052 58.2609
20.3155 59.0004
19.6535 60.4872
17.5305 61.1362
16.875 62.9784
15.9668 64.0395
15.4991 67.1341
14.8241 69.7419
12.0298 75.9532
---------------------------
31
79.5103 62.1202
70.2272 63.2328
52.7276 50.9185
51.4774 51.4774
47.5752 52.8376
46.5802 53.5844
44.6737 53.2401
42.4191 54.2939
40.8632 54.2274
39.2641 54.0423
37.0745 54.9652
35.5105 54.6813
34.3918 55.0383
32.8594 54.6873
30.9309 55.8007
29.7175 55.8906
28.6468 56.2225
26.4559 56.7349
25.3804 57.0052
24.2644 57.1633
22.2546 57.9753
21.3421 58.6368
20.5434 59.6622
19.6535 60.4872
17.8889 62.3859
16.875 62.9784
16.0878 64.5247
15.5666 67.4264
13.6238 70.0882
12.85 72.8758
12.0298 75.9532
---------------------------
30
79.4315 62.0587
51.8309 51.8309
49.6495 53.2426
47.709 52.9862
46.8426 53.8863
45.4451 54.1593
43.1579 55.2396
41.2845 54.7864
39.7931 54.7704
37.5218 55.6284
35.7828 55.1007
34.6567 55.4623
33.323 55.4587
31.0763 56.0631
29.9523 56.3321
28.8284 56.5789
26.7517 57.3693
25.6651 57.6447
24.4598 57.6236
22.5055 58.6288
21.5815 59.2946
20.5434 59.6622
19.808 60.9627
17.8889 62.3859
17.0044 63.4613
16.3055 65.3979
15.7016 68.011
13.7382 70.6772
12.9194 73.2697
12.0924 76.3483
---------------------------
32
79.9831 62.4896
70.6731 63.6343
55.533 53.6276
52.3259 52.3259
50.3997 54.047
47.7759 53.0605
46.8426 53.8863
45.895 54.6956
43.1579 55.2396
41.4651 55.026
39.9694 55.0132
37.6896 55.8771
36.1096 55.6039
34.8157 55.7168
33.5805 55.8873
31.4641 56.7628
30.187 56.7735
28.9646 56.8462
26.8363 57.5505
25.8278 58.0101
24.7333 58.268
22.6847 59.0956
21.6499 59.4825
20.7712 60.3241
19.7462 60.7725
17.9716 62.6743
17.1597 64.0409
16.3781 65.689
15.904 68.888
14.9281 70.231
12.9715 73.5651
12.0298 75.9532
---------------------------
30
131.691 67.0998
78.414 63.4984
75.2445 65.4091
52.6087 52.6087
47.2362 54.3391
46.0879 54.9254
44.493 54.9442
41.8261 55.5052
40.1457 55.2559
39.0032 55.7023
36.5453 56.2748
35.1336 56.2256
33.9925 56.573
31.6096 57.0252
30.4687 57.3033
29.1916 57.2917
26.963 57.8224
25.9498 58.2842
24.9286 58.7282
23.7875 58.8762
21.8209 59.9524
20.7712 60.3241
20.0552 61.7236
19.0626 62.3511
17.0044 63.4613
16.3055 65.3979
15.4316 66.8418
14.9696 70.4266
12.85 72.8758
12.0298 75.9532
---------------------------
33
78.8803 63.876
75.32 65.4747
71.4905 64.3704
69.4786 64.7898
53.033 53.033
51.4047 53.2311
47.0394 54.1127
46.0879 54.9254
44.3042 54.7111
42.5483 56.4635
40.3221 55.4986
39.1753 55.9481
36.8176 56.6941
35.3986 56.6496
33.9925 56.573
32.6 56.4649
30.4687 57.3033
29.237 57.3808
28.1873 57.7925
25.9498 58.2842
24.9286 58.7282
23.7875 58.8762
21.8209 59.9524
20.934 60.7968
19.9007 61.248
19.0626 62.3511
17.0044 63.4613
16.3055 65.3979
15.7691 68.3033
14.9073 70.1332
14.1771 72.9349
12.1393 76.6446
11.0086 78.3302
---------------------------
31
131.691 67.0998
78.958 63.939
76.4512 64.1502
51.4047 53.2311
50.8771 54.559
47.9767 53.2835
45.895 54.6956
44.6817 55.1774
43.1579 55.2396
40.4984 55.7413
39.3473 56.1938
38.0251 56.3746
36.273 55.8555
34.147 56.8302
32.85 56.8979
31.6096 57.0252
29.3278 57.559
28.1873 57.7925
26.963 57.8224
24.9286 58.7282
23.8999 59.1543
22.8639 59.5624
20.7712 60.3241
19.7153 60.6774
19.0626 62.3511
18.1094 63.1549
17.4444 65.1034
15.5666 67.4264
14.9073 70.1332
14.0054 72.0514
13.3535 75.7317
---------------------------
34
126.526 67.2753
79.3466 64.2536
76.8343 64.4716
74.7917 65.0154
70.6731 63.6343
55.605 53.6971
52.3259 52.3259
50.4679 54.1202
47.9767 53.2835
47.2362 54.3391
44.6817 55.1774
43.5273 55.7124
41.8261 55.5052
40.3221 55.4986
37.3541 55.3797
36.5453 56.2748
35.1336 56.2256
32.75 56.7247
31.755 57.2876
30.4687 57.3033
28.0119 57.4329
26.963 57.8224
25.9498 58.2842
23.8999 59.1543
22.7922 59.3757
21.8209 59.9524
20.8689 60.6077
18.8872 61.7773
17.9716 62.6743
17.2373 64.3307
16.5233 66.2712
14.6994 69.155
13.8146 71.0698
12.8673 72.9743
---------------------------
34
80.4559 62.859
76.9109 64.5359
74.7917 65.0154
70.9703 63.902
55.533 53.6276
52.538 52.538
50.3997 54.047
48.1774 53.5064
46.8426 53.8863
45.6379 54.3892
43.5273 55.7124
41.766 55.4253
40.3221 55.4986
37.5218 55.6284
36.5453 56.2748
35.2396 56.3952
32.75 56.7247
31.6096 57.0252
30.6095 57.5682
28.1873 57.7925
26.963 57.8224
25.8685 58.1015
24.9286 58.7282
22.7922 59.3757
21.7525 59.7645
20.8689 60.6077
20.0861 61.8187
18.0542 62.9626
17.0821 63.7511
16.5233 66.2712
15.904 68.888
13.8146 71.0698
13.2146 74.9439
12.2019 77.0397
---------------------------
34
80.4559 62.859
76.8343 64.4716
74.4144 64.6874
70.5988 63.5674
55.533 53.6276
52.3259 52.3259
50.6725 54.3396
47.9767 53.2835
47.2362 54.3391
46.0879 54.9254
43.712 55.9488
42.0067 55.7448
40.3221 55.4986
38.0251 56.3746
36.3819 56.0232
35.3986 56.6496
33 57.1577
31.6096 57.0252
30.3279 57.0384
28.1873 57.7925
26.963 57.8224
25.9498 58.2842
24.9286 58.7282
22.8639 59.5624
21.8209 59.9524
20.7712 60.3241
19.9625 61.4383
18.0542 62.9626
17.2115 64.2341
16.5233 66.2712
15.859 68.6931
13.8146 71.0698
12.7979 72.5803
12.155 76.7434
---------------------------
34
80.5347 62.9206
77.2939 64.8573
74.7917 65.0154
70.5988 63.5674
55.533 53.6276
52.8209 52.8209
50.2633 53.9008
48.1774 53.5064
46.8426 53.8863
45.895 54.6956
43.712 55.9488
41.8261 55.5052
40.3221 55.4986
37.6896 55.8771
36.3819 56.0232
35.1336 56.2256
32.9 56.9845
31.6096 57.0252
30.4687 57.3033
29.237 57.3808
27.0898 58.0943
26.0718 58.5583
25.0459 59.0044
22.8639 59.5624
21.8209 59.9524
20.7712 60.3241
19.9625 61.4383
17.9716 62.6743
17.0303 63.5579
16.5233 66.2712
15.904 68.888
13.8146 71.0698
13.041 73.9591
12.2488 77.336
---------------------------
33
77.2939 64.8573
75.2445 65.4091
71.4162 64.3035
55.3172 53.4192
52.6087 52.6087
51.891 53.7347
48.2443 53.5807
47.2362 54.3391
45.895 54.6956
43.5888 55.7912
41.766 55.4253
40.4984 55.7413
37.8574 56.1258
36.5453 56.2748
35.3986 56.6496
33 57.1577
31.6096 57.0252
30.3748 57.1267
29.464 57.8263
27.0898 58.0943
26.1532 58.741
24.9286 58.7282
22.7922 59.3757
21.9919 60.4222
20.8689 60.6077
20.0552 61.7236
18.1094 63.1549
17.2373 64.3307
16.4507 65.9801
15.7241 68.1085
13.8718 71.3643
13.3535 75.7317
12.374 78.1261
---------------------------
34
80.4559 62.859
77.2939 64.8573
74.7917 65.0154
70.9703 63.902
55.3172 53.4192
53.3866 53.3866
52.1688 54.0224
48.1774 53.5064
47.2362 54.3391
46.0879 54.9254
43.3426 55.476
41.766 55.4253
40.4984 55.7413
37.8574 56.1258
36.7087 56.5264
35.1336 56.2256
33.9925 56.573
31.4641 56.7628
30.4687 57.3033
29.1916 57.2917
27.1744 58.2756
26.0718 58.5583
25.0459 59.0044
22.7922 59.3757
21.9235 60.2343
20.9666 60.8914
20.0552 61.7236
18.1369 63.251
17.1597 64.0409
16.5958 66.5623
15.859 68.6931
13.8718 71.3643
13.2841 75.3378
12.374 78.1261
---------------------------
31
133.741 65.2296
79.5891 62.1818
70.2272 63.2328
54.8137 52.933
52.3259 52.3259
49.7859 53.3888
48.2443 53.5807
46.8426 53.8863
44.3042 54.7111
43.1579 55.2396
41.104 54.5468
39.9694 55.0132
37.0745 54.9652
36.1096 55.6039
34.8157 55.7168
32.75 56.7247
31.2217 56.3255
30.4687 57.3033
27.9681 57.3431
26.963 57.8224
25.9498 58.2842
24.8505 58.5441
22.8639 59.5624
22.1287 60.7981
21.1294 61.3642
19.1503 62.638
18.2748 63.7317
17.3668 64.8136
16.8136 67.4356
16.0615 69.57
13.3709 75.8302
---------------------------
29
132.493 67.5084
78.414 63.4984
75.9916 63.7645
69.1129 64.4488
52.4467 54.3102
49.9905 53.6082
48.2443 53.5807
46.2807 55.1552
44.9335 55.4882
43.5273 55.7124
41.6456 55.2656
39.3473 56.1938
38.137 56.5404
36.3819 56.0232
34.147 56.8302
33 57.1577
31.9005 57.55
30.8443 58.0097
28.5818 58.6014
27.4279 58.8194
26.5192 59.5632
24.3869 60.3597
23.3656 60.8694
22.5733 62.0197
21.6828 62.9715
20.0567 65.6025
18.9914 66.2309
18.2985 68.291
17.4184 69.8613
---------------------------
26
126.615 67.3222
80.3569 65.0717
78.2131 65.6286
76.1502 66.1964
73.7936 68.8136
69.6321 67.2429
67.5994 67.5994
63.6986 68.3084
62.1622 69.0382
55.2543 68.2334
53.1932 68.0841
50.6728 67.2451
47.3201 67.58
46.0775 68.3127
43.789 67.4291
42.3935 67.8438
39.55 68.5026
37.6697 67.9579
36.2902 68.2519
33.5354 68.7577
31.2738 67.0668
29.6918 66.6888
27.8707 68.9825
26.6267 69.365
25.2753 69.4433
24.0269 69.7793
