---------------------------
24
131.363 82.0845
78.7734 70.9278
76.4996 71.337
73.9481 71.4109
72.6199 72.6199
69.291 74.3055
67.1138 74.5374
65.4091 75.2445
61.6734 76.1603
59.2266 75.8066
57.5335 76.3496
55.8396 76.8566
52.2845 77.515
50.9237 78.4157
48.6996 77.9356
45.4 78.6351
43.0511 77.6662
40.7971 76.7281
37.8753 77.6558
36.1761 77.5799
34.6133 77.7427
32.3248 84.209
31.4317 86.3577
30.4406 88.406
---------------------------
26
77.0558 66.9836
75.0576 67.5822
72.1115 67.245
68.4479 68.4479
66.7567 69.1286
64.4488 69.1129
60.6199 69.7352
59.0079 70.3229
56.513 69.7877
53.1403 70.5195
51.0198 70.2227
49.2702 70.3652
46.3488 71.3709
44.3542 70.9816
42.9027 71.402
40.8 70.6677
37.9333 71.3422
35.5929 69.8549
34.8505 71.4541
31.6034 70.9825
30.3598 71.5232
28.9571 71.6713
26.4382 72.6382
25.2966 73.4668
24.1342 74.2775
23.1266 75.6437
---------------------------
32
171.202 79.8326
78.7494 66.0786
77.1313 67.0492
73.3548 68.4044
70.4953 68.0765
67.5994 67.5994
63.7668 68.3816
62.1622 69.0382
60.2918 69.3578
57.1423 70.5649
54.3629 69.5814
51.9968 69.0021
50.0205 68.8473
47.084 69.805
45.3684 69.8613
44.1423 70.6424
39.2 67.8964
37.0879 66.9084
33.4591 65.6672
31.8696 65.3423
30.5976 65.6167
29.285 65.7753
27.0091 66.85
25.695 66.9377
24.6597 67.7518
22.2801 68.5712
21.6063 70.6709
20.7004 72.1908
19.6444 73.3138
18.7973 75.392
16.3834 77.078
15.799 81.2787
---------------------------
28
78.4143 68.1645
75.5035 67.9837
71.7182 69.2574
69.2965 69.2965
67.1735 69.5602
64.3806 69.0398
58.6865 69.9399
47.6637 63.2519
45.4358 62.537
43.7065 62.4194
40.9024 62.9842
39.161 62.6708
37.5463 62.4875
34.9063 62.9726
33.802 63.5722
32.4149 63.6179
30.9928 63.5447
28.5529 64.1309
27.3903 64.5274
25.1216 65.444
24.1808 66.4363
22.9526 66.6591
22.1565 68.1908
19.9561 69.5953
19.0491 71.0921
17.7571 71.2197
17.3662 75.2214
16.3003 76.6868
---------------------------
34
126.791 67.4161
122.11 70.5
92.0661 66.89
79.7452 66.9142
70.9269 68.4933
68.8722 68.8722
64.4488 69.1129
62.4968 69.4097
60.2918 69.3578
49.7792 61.4722
47.7753 61.1496
46.0388 61.0956
42.9035 61.2726
41.548 61.5975
38.6841 61.9075
37.2888 62.0589
36 62.3538
34.4215 62.098
32.2333 63.2615
30.7298 63.0055
29.6255 63.5322
28.3902 63.7655
26.2599 64.9956
25.0141 65.1639
23.9756 65.8725
22.9526 66.6591
20.7584 67.8976
19.7632 68.9225
18.8161 70.2228
16.7139 72.3957
15.9884 75.2196
14.9594 76.9596
14.2392 80.7542
13.4377 84.8424
---------------------------
37
77.9615 67.7709
75.4292 67.9168
70.9269 68.4933
68.3772 68.3772
65.5758 67.9057
62.8314 69.7813
60.3574 69.4333
49.4946 58.9854
47.5906 60.9132
45.6778 60.6164
42.6167 60.863
41.548 61.5975
39.4319 60.7197
38.3662 61.3987
35.7 61.8342
34.4215 62.098
33.0977 62.2478
30.5983 62.7358
29.372 62.9884
28.1462 63.2173
26.8042 63.1466
24.6916 64.3237
23.6678 65.0267
22.7247 65.9972
21.693 66.7642
19.4876 67.9612
18.635 69.5467
17.5877 70.5405
15.6973 73.8501
14.8259 76.2724
14.2218 80.6558
13.1561 83.0646
10.8951 88.7336
9.38666 89.3081
8.05319 92.0484
3.05022 87.3468
1.53232 87.7866
---------------------------
38
165.039 66.68
78.037 67.8365
75.8008 68.2513
72.1846 67.3132
68.3772 68.3772
65.9925 68.3373
63.6986 68.3084
51.9599 59.773
49.9446 59.5217
48.2059 59.5294
45.437 60.297
43.6724 60.11
41.699 59.5524
40.3178 59.7736
37.8362 60.5506
36.7737 61.2017
35.35 61.228
32.91 61.8946
31.6885 62.1923
30.2038 61.9269
27.9021 62.6692
26.9214 63.4228
25.5856 63.3267
24.584 64.0436
22.334 64.8626
21.6621 66.6691
20.4953 67.037
19.4876 67.9612
17.3458 69.5702
16.3764 70.9341
15.8429 74.5348
14.9594 76.9596
12.2194 86.9455
9.16715 87.2196
7.74815 88.5617
6.20135 88.6834
4.52183 86.2816
1.53232 87.7866
---------------------------
40
169.071 64.9004
79.592 66.7856
76.603 66.59
74.5374 67.1138
70.4953 68.0765
67.5287 67.5287
64.5338 66.8267
52.9282 58.7828
50.7134 58.3391
47.9542 59.2185
46.1746 59.1008
44.4741 59.0192
41.699 59.5524
40.4856 60.0223
39.0506 60.1327
37.6243 60.2114
35.25 61.0548
33.9852 61.3108
32.6283 61.3649
30.2038 61.9269
28.9916 62.1727
27.9021 62.6692
26.6869 62.8705
24.4765 63.7635
23.36 64.181
22.334 64.8626
20.1444 65.8894
19.2395 67.0961
18.2985 68.291
17.3458 69.5702
15.3231 72.0895
14.6541 75.389
14.1176 80.0649
13.0936 82.6695
10.4808 85.359
9.03126 85.9267
6.09672 87.1871
4.49566 85.7823
2.9874 85.5479
1.50091 85.9869
---------------------------
43
-1.46949 84.1872
165.41 66.8298
133.561 65.142
130.711 66.6004
124.371 68.9399
76.603 66.59
74.5374 67.1138
71.6727 66.8358
66.8923 66.8923
64.8811 67.1863
52.1922 57.9653
50.7134 58.3391
48.5305 57.8364
46.7585 57.7419
44.2936 58.7796
42.5557 58.5728
41.1254 58.7332
38.8328 59.7972
37.4653 59.957
36.2587 60.3446
34.9 60.4486
32.3466 60.8351
31.1437 61.123
30.0723 61.6573
27.7801 62.3952
26.5697 62.5943
25.698 63.6048
24.369 63.4835
22.1386 64.2953
21.2913 65.5278
20.1444 65.8894
18.0656 67.4216
17.249 69.1821
16.219 70.2521
15.1983 71.5026
15.6463 80.4934
12.9684 81.8794
11.9132 84.7669
8.93718 85.0316
7.39081 84.4773
5.87349 83.9949
2.92458 83.749
1.46251 83.7872
---------------------------
40
-1.43284 82.0875
-2.92458 83.749
78.2897 65.6929
75.6974 65.8027
72.1115 67.245
68.7689 66.4093
66.0438 66.0438
53.1959 57.0456
51.1885 56.8506
48.2733 57.5299
46.7585 57.7419
45.128 57.7612
43.3909 57.5816
41.1254 58.7332
39.3672 58.3642
38.3971 59.1263
36.3102 60.4303
34.65 60.0156
33.4034 60.2613
31.1437 61.123
29.9408 61.3876
28.6113 61.357
27.5361 61.847
25.3609 62.7703
24.369 63.4835
23.3258 64.087
21.1059 64.9572
19.969 65.3156
18.9914 66.2309
18.1432 67.7114
15.9715 69.1803
15.136 71.2091
15.6463 80.4934
14.3086 81.1482
13.1718 83.1634
10.3223 84.0687
8.75949 83.3409
5.75491 82.299
4.29155 81.8876
2.85129 81.6502
---------------------------
41
-0 82.3
-2.86176 81.9501
165.595 66.9047
79.3466 64.2536
75.7728 65.8683
73.1998 65.9094
70.3562 65.6082
66.468 66.468
51.1885 56.8506
49.7949 57.2825
47.502 56.6107
46.1292 56.9648
43.5714 57.8212
42.1442 58.0065
40.896 58.4055
38.3971 59.1263
37.1473 59.4482
35.6406 59.316
33.4034 60.2613
32.3466 60.8351
30.8714 60.5884
28.6958 61.5383
27.5361 61.847
26.3353 62.042
25.3609 62.7703
23.0522 63.3353
22.1386 64.2953
21.1059 64.9572
18.7433 65.3658
17.8326 66.5523
17.0555 68.4058
16.1965 70.1546
15.6654 80.5916
13.1718 83.1634
11.7184 83.3806
10.2614 83.5724
8.75949 83.3409
7.12062 81.3891
4.25491 81.1886
2.82337 80.8507
1.41888 81.2876
---------------------------
40
-1.43982 82.4874
168.791 64.7929
77.8301 65.3072
75.2445 65.4091
71.9364 64.7718
68.7689 66.4093
65.6902 65.6902
52.9231 56.753
51.1885 56.8506
48.7452 56.0749
46.318 57.1979
44.9433 57.5248
43.3307 57.5018
40.9534 58.4875
39.5349 58.613
38.1792 58.7908
37.1473 59.4482
34.75 60.1888
33.1125 59.7365
32.018 60.217
29.8092 61.118
28.4845 61.0851
27.414 61.573
26.5697 62.5943
24.154 62.9233
23.0522 63.3353
22.041 64.0116
19.7936 64.7418
18.9087 65.9426
17.9879 67.1318
17.2732 69.2791
15.3855 72.3829
15.6463 80.4934
14.3781 81.5421
13.1718 83.1634
10.2736 83.6716
7.2165 82.4849
5.6991 81.501
4.27585 81.588
2.86176 81.9501
---------------------------
39
-0 82.4
128.394 65.42
125.379 66.665
79.8129 64.6312
77.2939 64.8573
72.8282 65.5748
70.7219 65.9492
67.6179 65.2979
64.5338 66.8267
52.6503 56.4605
50.787 56.4047
47.502 56.6107
45.9404 56.7317
44.5739 57.052
42.1442 58.0065
40.9534 58.4875
39.4231 58.4471
38.1792 58.7908
35.6406 59.316
34.3 59.4093
33.2579 59.9989
30.8714 60.5884
29.5462 60.5787
28.4845 61.0851
26.4525 62.3182
25.2485 62.4922
24.154 62.9233
22.9496 63.0534
20.8277 64.1012
19.7936 64.7418
18.826 65.6542
18.1432 67.7114
14.5344 82.4284
11.6488 82.8854
8.72813 83.0426
7.22521 82.5845
5.78281 82.6981
2.85129 81.6502
1.44157 82.5874
---------------------------
42
164.39 66.4178
134.639 65.668
79.8129 64.6312
76.1502 66.1964
72.3823 65.1733
69.5517 64.858
67.2583 64.9506
64.1864 66.467
52.7185 56.5336
49.5325 56.9806
47.7591 56.9171
45.9404 56.7317
43.3909 57.5816
41.9679 57.7638
40.5519 57.914
38.3426 59.0424
36.8294 58.9393
35.4861 59.0588
34.15 59.1495
31.9241 60.0404
30.8714 60.5884
29.5462 60.5787
27.292 61.2989
26.2181 61.7659
25.1361 62.214
23.939 62.3632
21.8456 63.4443
20.8277 64.1012
19.6181 64.168
17.755 66.2625
16.9587 68.0177
16.129 69.8623
16.3003 76.6868
15.7227 80.8861
14.4649 82.0345
11.5374 82.0932
10.1639 82.7784
8.66541 82.4459
5.75491 82.299
4.31772 82.3869
2.81988 80.7508
1.42586 81.6876
---------------------------
39
130.941 69.6226
80.3569 65.0717
77.3705 64.9215
72.8282 65.5748
70.3562 65.6082
66.8986 64.6032
64.117 66.3951
53.1959 57.0456
49.9917 57.5089
48.2733 57.5299
46.5068 57.4311
44.7586 57.2884
42.3205 58.2492
40.7239 58.1598
39.1994 58.1155
36.9884 59.1938
35.3316 58.8017
34.45 59.6692
32.0649 60.3053
30.599 60.0538
29.5462 60.5787
28.3577 60.8133
26.2181 61.7659
25.0237 61.9359
24.0465 62.6432
21.8456 63.4443
20.735 63.8159
19.7059 64.4549
18.826 65.6542
16.8861 67.7266
16.129 69.8623
15.57 80.1008
14.3781 81.5421
11.5931 82.4893
10.1639 82.7784
8.6236 82.0481
5.75491 82.299
4.31248 82.2871
2.86176 81.9501
---------------------------
37
165.224 66.7549
79.8129 64.6312
75.7728 65.8683
72.3823 65.1733
63.8391 66.1073
50.9102 58.5655
48.7876 58.1428
46.7585 57.7419
43.3909 57.5816
42.3205 58.2492
40.7239 58.1598
38.3426 59.0424
37.1473 59.4482
35.9497 59.8303
34 58.8897
32.2057 60.5702
30.599 60.0538
29.4147 60.3091
27.17 61.0248
26.1008 61.4897
24.9113 61.6577
22.6759 62.3016
21.748 63.1606
20.735 63.8159
19.7059 64.4549
17.755 66.2625
16.9587 68.0177
16.129 69.8623
15.531 73.0676
13.614 77.2089
12.6555 79.904
11.5931 82.4893
10.103 82.2821
8.6236 82.0481
5.75491 82.299
4.31248 82.2871
2.87572 82.3498
---------------------------
37
77.3705 64.9215
73.5842 63.9658
71.7878 64.638
67.546 65.2284
64.9831 64.9831
63.075 65.3161
59.7534 66.3628
57.3396 65.9616
54.9583 65.4968
52.9888 65.4357
43.3198 59.6245
40.2619 59.6907
39.0506 60.1327
37.4653 59.957
34.9 60.4486
33.2579 59.9989
32.0649 60.3053
30.8714 60.5884
28.4845 61.0851
27.292 61.2989
26.2181 61.7659
23.7598 61.8964
22.8469 62.7715
22.041 64.0116
21.1059 64.9572
19.0741 66.5193
18.0656 67.4216
17.1765 68.891
16.3539 70.8367
14.7495 75.8798
13.7356 77.8983
12.8902 81.3855
11.9689 85.1631
10.1517 82.6791
8.81175 83.8382
5.93628 84.8927
4.43286 84.5839
---------------------------
32
79.3466 64.2536
76.9109 64.5359
73.6457 66.3108
70.3562 65.6082
67.9776 65.6452
64.5338 66.8267
62.2665 66.7726
59.7534 66.3628
56.3725 67.1821
54.0586 66.7568
52.1465 66.7445
49.1976 67.7147
46.9759 67.0886
44.6795 66.2401
43.0809 66.3388
40.0185 66.6019
38.65 66.9438
32.6873 64.1525
31.2559 64.084
29.6255 63.5322
27.273 64.2512
26.4847 65.5519
25.4441 66.2842
23.0177 66.8482
22.1565 68.1908
21.08 68.9496
19.9561 69.5953
17.7571 71.2197
17.3662 75.2214
16.3003 76.6868
15.799 81.2787
9.07307 86.3245
---------------------------
27
129.742 84.2557
79.975 67.107
78.9426 68.6238
75.11 70.0412
73.0849 70.5773
70.9228 70.9228
66.8358 71.6727
64.3704 71.4905
61.6695 70.9427
57.8345 71.4197
56.2099 71.9454
52.5986 69.8007
50.5495 69.5755
47.3077 70.1366
45.314 69.7774
43.4534 69.5399
40 69.282
37.8152 68.2203
36.4779 68.605
34.0614 69.8363
32.4993 69.6951
30.9933 69.6122
28.6949 71.0223
27.3076 71.1388
26.404 72.5443
22.3878 83.5526
22.0875 88.588
