---------------------------
20
164.482 66.4552
154.846 68.9419
150.719 70.2814
143.987 70.2271
137.475 73.0967
132.505 73.4487
128.518 74.2
82.8727 85.8172
79.7256 85.4952
61.3415 70.5653
58.3651 69.5568
56.5759 69.8654
53.0801 70.4397
51.7839 71.2744
50.9909 72.8226
48.9631 75.3965
53.9245 89.7454
51.35 88.9408
49.7899 89.8234
18.7609 81.2625
---------------------------
39
169.675 68.553
154.829 65.721
144.828 67.5344
138.235 67.4215
133.562 68.0532
122.447 67.8734
115.614 66.75
109.289 65.6674
102.066 66.2826
97.5777 65.817
92.0727 64.47
87.211 65.7182
84.2383 65.8142
83.4655 67.589
79.4709 69.083
78.1045 70.3256
72.7697 67.8588
61.0233 61.0233
58.7681 60.8561
57.1515 61.2874
54.8465 63.0937
53.9299 64.2711
53.8698 66.5237
53.4394 68.3993
55.193 75.9667
54.8913 78.3928
51.3339 76.1057
50.2702 77.4093
47.0745 78.3451
45.95 79.5877
44.9418 81.0772
43.4469 85.2693
31.6797 82.5285
31.1922 85.7
26.3282 81.03
23.9745 78.417
20.602 76.8877
16.2171 76.2955
13.4751 76.4211
---------------------------
43
170.138 68.7403
155.749 66.1117
143.559 66.9427
135.718 66.194
131.067 66.782
119.473 66.225
113.623 65.6
106.117 63.7617
98.7115 64.104
91.9403 62.0145
86.8301 60.7991
82.4192 62.1073
78.4071 61.2583
76.0826 61.6105
73.2823 63.7033
60.269 54.2665
57.5472 55.5727
55.3665 55.3665
54.1139 56.0366
52.0584 57.8167
49.4012 56.8296
48.1448 57.3767
46.5068 57.4311
44.113 58.54
42.732 58.8155
39.214 60.3843
38.2072 61.1443
37.1342 61.8018
36.5 63.2199
35.2751 69.2312
34.8943 71.544
34.4856 73.9547
32.1572 75.7576
29.9685 74.1747
28.2394 73.5661
27.3274 75.0814
24.5978 75.7041
22.805 74.5918
21.2241 74.0172
18.0716 72.4811
17.0738 73.9547
15.136 71.2091
12.85 72.8758
---------------------------
41
157.867 67.0104
144.556 67.4076
137.246 66.9393
129.998 66.2372
125.467 66.7119
118.126 68.2
109.289 65.6674
99.5502 64.6487
91.9403 62.0145
86.6663 60.6844
81.94 61.7462
77.6979 60.7042
74.7614 60.5406
70.9427 61.6695
60.4177 54.4003
56.8262 52.9913
53.9522 53.9523
51.6131 53.4469
49.8541 53.462
47.3019 54.4146
45.3808 54.0827
42.85 54.8455
41.2845 54.7864
39.7931 54.7704
38.4296 54.8832
36.3819 56.0232
34.9747 55.9712
34.353 57.1731
32.3368 58.3371
31.5954 59.4224
30.9622 60.7666
30.7737 63.0953
29.2037 65.5926
29.0313 68.3935
28.2453 69.9097
27.0568 70.4853
24.5804 71.3867
23.269 71.6146
22.5126 73.6355
21.8029 76.0358
19.136 76.7504
---------------------------
41
160.996 68.3389
144.647 67.4499
138.235 67.4215
132.404 67.463
125.333 69.4732
122.196 70.55
117.775 70.7662
110.034 71.4566
93.6812 63.1888
89.0418 62.3478
83.6171 63.01
79.9831 62.4896
74.8392 60.6036
69.5088 60.423
67.1803 60.4894
65.3099 60.9025
55.6493 55.6493
52.4467 54.3102
49.8541 53.462
47.105 54.1882
45.4451 54.1593
44.3042 54.7111
41.6456 55.2656
40.3221 55.4986
39.1753 55.9481
36.7631 56.6103
35.6106 56.9888
34.5591 57.5159
32.6277 58.8619
32.018 60.217
31.0983 61.0339
30.5106 62.5561
28.8376 64.7704
28.2108 66.4604
27.7583 68.7043
27.0568 70.4853
26.3013 72.2624
24.0724 74.0873
22.4834 73.5398
21.4722 74.8823
22.129 82.5867
---------------------------
34
149.178 69.563
140.931 68.7366
135.7 69.1428
132.442 70.4207
91.4189 66.4197
86.6812 67.7228
79.7352 64.5683
74.9427 65.1467
69.0382 62.1622
66.0412 61.5845
63.6616 61.4773
60.4353 62.5826
53.0595 56.8993
48.7452 56.0749
47.0521 56.0745
45.3111 55.9545
44.4508 56.8944
41.4389 57.0357
40.1503 57.3406
37.9613 58.4553
36.7234 58.7697
35.3316 58.8017
34.55 59.8424
32.7222 61.5414
32.0063 62.816
31.2997 64.1739
30.6821 65.7979
28.875 68.0253
28.058 69.4461
27.7735 72.3525
26.917 73.9538
25.3394 77.9866
24.3838 79.7558
22.6023 78.8235
---------------------------
31
155.303 69.1452
145.065 70.7531
139.71 71.1857
92.0827 69.3893
85.4083 69.1623
81.1241 68.0712
78.1124 67.9021
68.7472 64.1078
66.467 64.1864
61.7551 63.9493
59.5385 63.8472
53.2628 59.1543
48.7233 58.0662
47.1361 58.2082
45.3127 57.9976
43.261 59.5437
41.3549 59.0609
40.2619 59.6907
38.9962 60.0488
37.0827 61.716
35.3 61.1414
34.6154 62.4478
33.9428 63.8371
31.9134 65.4322
31.4428 67.4293
30.79 69.1554
28.6949 71.0223
28.3469 73.8462
27.9088 76.6789
27.5756 80.0854
27.6261 85.0245
---------------------------
26
149.45 69.6898
141.581 72.1391
92.1185 71.9708
77.0641 69.3888
67.9057 65.5758
66.468 66.468
61.9635 64.1651
59.2181 65.7683
52.7471 60.6787
48.3947 59.7625
46.7287 59.81
45.1361 59.8977
42.8462 61.1907
41.1566 61.0172
40.1399 61.81
38.6311 61.8227
36.25 62.7868
35.1972 63.4974
34.4592 64.8084
33.7315 66.2018
31.8232 68.245
31.1967 70.0689
30.5161 71.8914
29.8936 73.9893
28.3535 77.9005
27.7384 80.5582
---------------------------
27
153.438 71.5493
143.987 70.2271
140.868 71.7759
85.0309 71.3494
78.2532 70.4595
76.0608 70.9278
66.468 66.468
62.936 65.1722
60.8343 65.2367
58.482 64.9509
50.9088 60.6707
48.7094 60.1511
45.7379 60.6963
44.3778 61.0808
43.0182 61.4364
41.604 61.6804
39.373 63.01
37.9583 63.1732
36.65 63.4797
34.8817 65.603
34.2763 67.271
33.2724 68.2185
32.6261 69.967
30.8287 72.6278
30.1184 74.5456
30.0312 78.234
29.3795 80.7196
---------------------------
27
156.673 69.7553
146.683 71.5422
141.314 72.0029
85.3577 74.2003
77.0847 71.8826
72.6533 70.1605
65.9024 65.9024
61.6527 66.1144
59.9541 66.5858
57.1427 65.7352
49.4016 61.006
48.0216 61.4648
44.848 61.728
43.7065 62.4194
41.8276 62.012
40.6845 62.6487
38.2673 63.6875
37.15 64.3457
36.6031 66.0338
34.5033 67.7165
33.5354 68.7577
32.6261 69.967
32.2542 72.4442
30.3057 75.0092
29.8521 77.7673
30.0294 82.505
31.515 91.5262
---------------------------
26
159.688 71.0976
149.088 69.5207
142.639 69.5695
83.9992 73.0194
78.7734 70.9278
75.171 72.5918
66.8216 66.8216
61.9937 66.4801
59.9541 66.5858
57.3396 65.9616
55.2797 65.8798
48.1447 61.6224
46.2194 61.3352
44.9656 61.8898
42.5546 63.0898
41.0113 63.1519
39.691 63.5188
37.35 64.6921
36.7486 66.2962
35.8676 67.4572
35.1843 69.053
32.8797 70.5107
32.3356 72.6269
32.04 75.4814
31.3546 77.6053
30.5766 84.0085
---------------------------
23
92.0918 74.5745
85.2067 74.0691
76.4265 71.2688
70.9935 70.9935
64.9506 67.2583
61.1753 65.6024
57.8644 66.5654
55.6011 66.2628
48.5141 62.0952
46.7008 61.9741
45.2007 62.2134
43.936 62.747
41.3381 63.6551
40.0089 64.0276
38.7309 64.459
36.894 66.5586
35.9615 67.6338
35.2751 69.2312
34.1929 70.1059
32.5389 73.0836
32.04 75.4814
31.4295 77.7907
32.2173 83.9289
---------------------------
22
91.4701 74.071
86.0268 72.1851
76.5727 71.4052
70.5693 70.5693
64.6032 66.8986
61.3117 65.7487
59.4188 65.9913
55.6654 66.3394
53.9328 66.6014
46.9416 62.2936
45.0831 62.0516
43.8212 62.5832
42.3868 62.841
39.9029 63.858
38.8854 64.7161
37.75 65.3849
37.0879 66.9084
35.0935 68.8748
34.2806 70.2857
33.8095 72.5046
32.04 75.4814
31.5793 78.1616
---------------------------
20
84.2256 73.2162
78.8399 73.5194
74.6675 72.1055
64.9831 64.9831
61.3117 65.7487
58.2813 64.7279
56.0274 64.4522
53.1146 65.5911
47.5291 60.8344
45.6778 60.6164
43.3624 61.9279
41.9395 62.1778
40.5211 62.3971
38.4218 63.9447
37.5 64.9519
36.7971 66.3836
36.2902 68.2519
34.1929 70.1059
33.894 72.6859
35.4003 87.6189
---------------------------
20
82.4891 74.2735
77.4504 72.2236
72.9027 72.9027
62.7277 64.9564
58.0805 64.505
55.109 63.3956
52.9657 63.1221
51.0999 65.4049
46.7008 61.9741
44.848 61.728
42.7888 61.1087
40.1944 61.8939
39.32 62.9252
37.4 64.7787
36.7971 66.3836
36.2432 68.1636
35.3659 69.4094
35.0697 71.9035
33.3524 74.9107
35.4378 87.7116
---------------------------
20
90.9295 76.2989
74.3797 71.8277
73.0441 73.0441
60.9025 65.3099
57.5452 63.9105
54.7153 62.9428
51.1637 63.182
48.2063 61.7012
44.1427 60.7572
42.6167 60.863
41.3244 61.2659
40.3033 62.0616
39.426 63.0948
37.55 65.0385
37.1364 66.9959
36.9474 69.488
34.8943 71.544
34.3589 73.6828
35.9555 80.7574
35.5175 83.6739
