---------------------------
20
128.482 71.2185
124.361 71.8
94.0347 76.1478
88.7538 77.1525
86.725 78.0875
81.6191 76.111
77.2868 77.2868
77.0376 79.7748
72.0872 77.3041
58.6517 67.471
55.9225 66.6459
54.1845 66.9123
51.6959 68.6028
51.0198 70.2227
51.2777 73.2322
58.1001 86.137
59.2023 91.1635
55.7786 92.8312
54.95 95.1762
55.4622 100.056
---------------------------
33
126.645 70.2004
121.157 69.95
116.832 70.1997
112.112 70.0553
107.029 72.1918
105.015 73.5325
92.7489 72.4634
90.7707 73.5046
86.4864 72.5707
81.1514 73.0691
78.5474 73.2466
76.8255 74.1895
72.175 74.7394
70.9278 76.0608
58.2144 64.6536
55.2155 65.8032
53.9328 66.6014
52.7622 67.5325
50.9022 70.0609
54.8913 78.3928
53.9062 79.9192
51.4139 79.1705
48.2591 80.3166
47.15 81.6662
45.2327 81.602
45.9613 86.4406
46.3524 90.9718
46.1922 99.0594
44.9444 100.947
18.7384 81.165
17.0488 80.2081
15.6463 80.4934
13.031 82.2744
---------------------------
45
132.266 70.3268
123.322 71.2
118.032 70.9207
113.045 70.6382
107.518 69.8227
102.804 71.9838
103.797 75.4128
91.1243 68.6671
86.0301 69.6658
82.6562 69.3568
79.9237 69.4767
76.4996 71.337
74.8113 72.2445
71.5592 71.5592
59.1975 63.4815
57.2776 63.6132
55.6994 64.0748
53.1776 65.6688
53.07 67.9265
52.3579 69.4813
55.7808 76.7757
52.7878 78.2611
49.9979 76.99
48.5936 77.766
45.45 78.7217
44.3116 79.9402
42.7689 80.4365
41.3585 81.1707
40.6559 87.1868
39.2094 88.0658
38.6042 90.9459
40.2327 99.5795
30.0294 82.505
30.0499 87.2714
24.1207 78.8951
22.6023 78.8235
20.9385 78.1434
19.3538 77.6237
16.1339 75.9043
14.8831 76.5669
13.8919 78.7846
11.2452 80.0137
9.95673 81.091
8.71767 82.9431
5.99906 85.7905
---------------------------
46
134.561 71.5475
125.508 69.5702
118.299 68.3
109.568 68.4656
103.576 67.2629
98.9871 66.7676
90.6908 65.8907
87.8499 66.1997
85.3416 66.6761
81.8335 66.2674
77.0558 66.9836
75.9494 68.3851
73.4279 68.4726
70.0036 70.0036
59.8101 61.9352
56.8092 63.093
55.3058 63.622
54.8298 65.3436
52.9888 65.4357
51.4552 68.2833
54.2526 74.6723
53.5147 76.4269
49.2898 75.8997
47.7457 76.4091
46.1989 76.8879
44.45 76.9897
41.6891 78.4057
40.6775 79.8342
39.1027 80.1724
37.9089 81.2958
37.1195 87.448
35.6251 88.1752
31.2855 81.5016
28.0965 81.5983
29.542 90.921
23.7698 77.7476
20.8091 77.6604
19.0634 76.4593
17.8161 77.1701
16.0716 75.6108
13.614 77.2089
12.5148 79.0151
11.1338 79.2214
9.7983 79.8007
8.52952 81.153
5.78281 82.6981
---------------------------
42
109.568 68.4656
102.821 66.7727
97.8264 65.9848
89.8009 65.2442
85.8533 64.6951
82.1107 64.1519
78.2131 65.6286
75.7728 65.8683
74.6117 67.1807
70.7111 68.2849
62.084 62.084
59.5322 61.6474
55.8055 61.9783
54.0593 62.1881
53.2228 63.4285
51.654 66.1141
52.5986 69.8007
53.606 73.7823
51.794 73.9694
48.5818 74.8094
47.4278 75.9003
45.2203 75.2593
43.75 75.7772
40.891 76.9047
40.042 78.5868
38.3136 78.5546
35.8742 80.5747
35.5175 83.6739
32.7032 80.9432
30.748 80.1012
27.9012 81.0309
27.1317 83.5028
23.5067 76.8869
20.7055 77.2741
19.136 76.7504
17.6137 76.2932
14.8068 76.1743
13.6661 77.5044
12.327 77.8298
9.7983 79.8007
7.14677 81.688
5.84559 83.5959
---------------------------
44
128.91 68.5429
120.897 69.8
110.917 66.6459
104.055 65.0211
98.3239 66.3203
90.844 63.6096
87.3738 63.4808
84.5536 66.0605
79.3466 64.2536
76.8343 64.4716
74.0915 66.7123
71.9652 67.1086
70.2076 67.7987
59.949 62.079
57.7653 61.9457
54.9356 61.0122
52.8371 62.9689
52.0448 64.27
51.5309 65.9565
54.2837 72.0369
51.2777 73.2322
49.7682 73.7843
48.0916 74.0546
46.3149 74.1194
43.35 75.0844
41.8391 75.4797
40.6093 76.375
38.0506 78.0153
36.6833 78.6675
35.3454 79.3871
34.0718 80.268
30.4971 79.4477
28.8665 79.3101
27.8035 80.7473
23.2728 76.1219
21.7754 75.9397
20.3691 76.0184
17.6362 76.3906
16.4458 77.3715
14.8831 76.5669
11.1338 79.2214
8.40409 79.9596
7.11191 81.2895
5.87349 83.9949
---------------------------
45
127.607 70.7337
114.662 66.2
107.193 66.9818
100.808 65.4656
90.844 63.6096
88.9919 64.6564
85.3741 64.334
81.7955 63.9057
77.3705 64.9215
75.0936 65.2779
73.1998 65.9094
70.0637 67.6597
61.094 61.094
59.3933 61.5036
54.8687 60.9379
53.6656 61.7352
52.9657 63.1221
51.4077 65.7989
54.1634 71.8772
53.077 73.0542
51.0483 72.9045
47.9827 73.8869
46.262 74.0346
44.5508 74.145
41.6451 75.1298
40.2337 75.6686
39.1794 76.8939
37.7438 77.3862
34.9387 78.4736
34.1108 80.3601
31.879 78.9033
28.7981 79.1221
27.3477 79.4236
24.3505 74.9433
21.6927 75.6513
20.2138 75.4388
18.7973 75.392
17.6362 76.3906
14.9594 76.9596
13.423 76.1256
12.3896 78.2249
10.9529 77.9341
9.68861 78.9074
8.36228 79.5618
5.72003 81.8003
---------------------------
43
109.483 68.4126
102.905 66.8272
97.7435 65.9288
89.3964 64.9503
85.3741 64.334
81.5591 63.721
77.5237 65.0501
76.2257 66.262
73.1255 65.8425
71.2338 66.4266
61.0233 61.0233
59.3933 61.5036
54.8018 60.8636
53.6 61.6598
52.8371 62.9689
52.4224 64.7363
55.1633 70.6058
53.0182 72.9733
50.7615 72.495
49.0412 72.7066
46.103 73.7802
44.3448 73.8021
42.85 74.2184
39.999 75.2271
38.7708 76.092
37.4369 76.757
36.1761 77.5799
33.8373 79.7157
32.0289 79.2742
29.9237 77.954
27.0547 78.5726
26.421 81.3153
22.8927 74.8787
20.1879 75.3422
18.6038 74.6157
17.4787 75.7085
14.8259 76.2724
13.3014 75.4363
12.2645 77.4348
10.9112 77.637
8.2682 78.6667
7.00732 80.0941
5.81071 83.0971
---------------------------
44
128.482 71.2185
108.041 67.5117
102.821 66.7727
97.7435 65.9288
89.3964 64.9503
85.5339 64.4544
81.8743 63.9672
77.4471 64.9858
75.7728 65.8683
73.4227 66.1101
71.1607 66.3584
60.4576 60.4576
58.004 60.0649
54.7349 60.7892
53.6 61.6598
52.9657 63.1221
52.5483 64.8917
53.9828 71.6376
52.8419 72.7306
50.7042 72.413
48.9853 72.6237
46.05 73.6954
44.2418 73.6307
42.7 73.9586
40.0929 75.4037
38.7708 76.092
37.3054 76.4874
36.0071 77.2174
33.681 79.3475
31.2422 77.3271
29.8162 77.6739
27.0873 78.6671
24.1342 74.2775
22.7465 74.4005
20.0585 74.8593
18.5312 74.3247
17.4787 75.7085
16.0508 75.513
13.4925 76.5196
12.2488 77.336
10.8137 76.9438
8.18458 77.8711
6.9376 79.2971
5.6991 81.501
---------------------------
43
107.957 67.4587
102.15 66.337
93.1009 62.7974
89.9627 65.3617
85.8533 64.6951
81.8743 63.9672
77.3705 64.9215
75.8483 65.9339
73.4227 66.1101
70.2795 67.8681
59.8919 59.8919
58.4902 60.5684
54.9356 61.0122
53.7968 61.8862
53.6085 63.8881
52.6741 65.0471
54.043 71.7175
52.548 72.3261
50.6468 72.3311
47.7104 73.4675
45.891 73.441
44.2418 73.6307
42.65 73.872
40.1868 75.5803
38.907 76.3593
37.4807 76.8469
34.7353 78.0168
33.7201 79.4396
31.2422 77.3271
29.8162 77.6739
27.1524 78.8563
24.1033 74.1824
21.417 74.69
20.1102 75.0524
18.5312 74.3247
17.4787 75.7085
14.6732 75.4871
13.5446 76.815
12.155 76.7434
9.4205 76.7238
8.15322 77.5727
6.92888 79.1975
5.74793 82.1993
---------------------------
44
128.482 71.2185
108.72 67.9357
102.737 66.7183
96.5 65.0901
89.8009 65.2442
86.013 64.8155
81.8743 63.9672
77.5237 65.0501
76.3011 66.3276
73.5713 66.2439
71.5264 66.6994
59.8212 59.8212
57.7956 59.8491
54.8018 60.8636
53.7968 61.8862
53.2871 63.5051
52.5483 64.8917
54.1032 71.7973
52.8419 72.7306
50.8189 72.5769
47.8193 73.6353
46.103 73.7802
44.2933 73.7164
42.8 74.1318
40.1868 75.5803
39.0886 76.7157
37.5246 76.9368
34.8573 78.2908
33.8764 79.8078
31.3546 77.6053
29.9954 78.1407
27.2826 79.2345
24.3196 74.8481
22.7465 74.4005
20.0326 74.7627
18.5554 74.4217
17.5462 76.0009
14.7495 75.8798
13.5446 76.815
12.3114 77.7311
10.8137 76.9438
8.15322 77.5727
6.9376 79.2971
5.72003 81.8003
---------------------------
44
126.353 72.95
112.546 67.6245
103.971 64.9681
98.4068 66.3762
90.762 63.5523
87.8592 63.8335
84.79 66.2452
79.4243 64.3165
77.7535 65.2429
74.7604 67.3145
72.0383 67.1768
62.4387 60.2963
58.004 60.0649
56.4013 60.4829
55.0025 61.0865
53.3514 63.5817
52.737 65.1248
53.8088 68.8721
54.2837 72.0369
51.4498 73.4779
49.3208 73.1211
48.2006 74.2223
44.7568 74.4878
43.2 74.8246
41.4997 74.8674
40.6562 76.4633
37.6561 77.2064
36.5565 78.3956
35.7115 80.2093
32.5159 80.4796
29.9954 78.1407
28.4903 78.2764
27.9663 81.22
22.7758 74.4961
21.4997 74.9784
20.1102 75.0524
17.3887 75.3188
15.9468 75.0239
15.1884 78.1375
12.3114 77.7311
10.8555 77.2409
8.15322 77.5727
6.9376 79.2971
5.74793 82.1993
---------------------------
44
131.736 70.0452
126.557 70.152
114.946 69.0666
106.515 66.5579
100.724 65.4111
91.4174 64.0111
89.6391 65.1266
85.7735 64.6349
80.2792 65.0088
77.4471 64.9858
76.1502 66.1964
72.4771 67.586
70.2795 67.8681
59.397 59.397
57.0151 61.1412
55.0695 61.1608
54.7809 63.0182
52.4224 64.7363
51.8387 66.3505
54.3439 72.1168
53.077 73.0542
50.8189 72.5769
48.0372 73.9707
46.262 74.0346
44.7568 74.4878
41.7421 75.3048
40.6562 76.4633
39.2702 77.0721
36.641 78.5769
35.7522 80.3006
34.0327 80.176
31.467 77.8834
28.6613 78.7462
27.8361 80.8418
23.0097 75.2612
21.61 75.3629
20.2914 75.7286
18.7973 75.392
16.0716 75.6108
14.9594 76.9596
13.8224 78.3907
9.45706 77.0216
8.32047 79.1639
5.6712 81.102
---------------------------
43
127.607 70.7337
102.821 66.7727
98.241 66.2644
90.0436 65.4205
85.8533 64.6951
82.8987 64.7676
77.9833 65.4358
76.0747 66.1308
74.4631 67.0469
71.5264 66.6994
60.6698 60.6698
58.004 60.0649
55.4709 61.6067
54.8465 63.0937
53.0943 63.2753
52.6112 64.9694
54.5244 72.3564
53.4297 73.5396
51.0483 72.9045
49.4886 73.3698
46.6859 74.713
44.7568 74.4878
43.2 74.8246
40.6562 76.4633
39.6334 77.7849
37.8753 77.6558
35.4268 79.5698
34.736 81.8329
32.0289 79.2742
30.2821 78.8875
27.7058 80.4636
24.4741 75.3237
23.0389 75.3568
20.3691 76.0184
18.7973 75.392
17.7036 76.6829
14.9594 76.9596
13.614 77.2089
12.3896 78.2249
11.0086 78.3302
9.46925 77.1208
8.27865 78.7661
7.0509 80.5922
---------------------------
43
127.52 70.6852
104.819 65.498
99.4845 67.1031
91.5812 64.1258
87.8592 63.8335
84.9476 66.3683
79.8129 64.6312
77.2939 64.8573
75.5035 67.9837
72.1115 67.245
71.4304 68.9796
58.004 60.0649
57.0833 61.2143
55.8724 62.0526
53.1585 63.3519
52.2336 64.5031
52.6391 67.3749
53.4885 73.6205
52.0234 74.2971
49.5445 73.4527
48.3095 74.3901
44.9628 74.8307
43.55 75.4308
42.0815 75.917
39.6334 77.7849
38.0506 78.0153
36.9368 79.2113
36.5656 82.1277
32.8905 81.4067
30.3538 79.0743
28.8323 79.2161
26.6682 82.0762
23.0681 75.4524
21.7202 75.7474
19.257 77.2355
17.5462 76.0009
16.3626 76.9802
15.1884 78.1375
12.4522 78.62
11.0086 78.3302
8.2682 78.6667
7.04218 80.4925
5.81071 83.0971
---------------------------
43
129.793 69.0123
127.432 70.6368
108.805 67.9886
101.395 65.8469
91.0078 63.7243
90.3672 65.6556
84.8688 66.3067
80.2792 65.0088
77.2939 64.8573
76.1502 66.1964
72.6234 67.7224
70.2795 67.8681
59.5384 59.5384
57.0833 61.2143
55.9393 62.1269
54.6497 62.8673
52.1077 64.3477
52.2081 66.8233
54.8253 72.7557
53.4297 73.5396
49.8241 73.8672
48.3095 74.3901
46.4739 74.3738
43.65 75.604
42.033 75.8295
40.891 76.9047
39.4518 77.4285
36.8101 78.9394
36.9724 83.0413
34.3453 80.9124
30.3538 79.0743
28.7297 78.9342
27.9663 81.22
23.2728 76.1219
21.8305 76.1319
20.3691 76.0184
18.8699 75.6831
16.2171 76.2955
14.9594 76.9596
13.8224 78.3907
9.55456 77.8156
8.40409 79.9596
5.72003 81.8003
---------------------------
44
127.52 70.6852
116.607 72.8639
102.821 66.7727
98.4068 66.3762
90.0436 65.4205
85.9332 64.7553
82.5047 64.4598
78.2131 65.6286
76.3766 66.3932
74.1659 66.7792
70.6392 68.2155
60.3869 60.3869
58.1429 60.2087
56.0062 62.2012
54.9777 63.2447
53.03 63.1987
51.4693 65.8777
54.6448 72.5161
53.7236 73.9442
51.1057 72.9865
48.1461 74.1385
47.1098 75.3915
44.8598 74.6593
43.35 75.0844
40.7501 76.6399
39.6334 77.7849
38.0945 78.1052
35.4674 79.6612
34.6969 81.7408
31.9914 79.1815
30.3179 78.9809
27.7058 80.4636
24.5978 75.7041
23.1558 75.7393
20.3691 76.0184
18.8215 75.489
17.8161 77.1701
14.9976 77.1559
13.7356 77.8983
12.3896 78.2249
11.0225 78.4292
9.50581 77.4186
8.36228 79.5618
7.11191 81.2895
---------------------------
44
127.345 70.5883
128.258 74.05
102.905 66.8272
98.9042 66.7117
91.1716 63.8391
86.7318 65.3571
84.9476 66.3683
79.8129 64.6312
76.2257 66.262
75.5035 67.9837
72.4771 67.586
61.3769 61.3769
58.2124 60.2807
57.2879 61.4337
54.8465 63.0937
53.03 63.1987
52.3595 64.6585
53.501 68.4781
53.4885 73.6205
51.9087 74.1333
49.5445 73.4527
48.1461 74.1385
44.9113 74.745
43.5 75.3442
41.7906 75.3922
39.6334 77.7849
38.0068 77.9254
36.7678 78.8488
36.3623 81.671
32.5159 80.4796
30.2463 78.7942
28.6613 78.7462
28.1291 81.6928
23.1558 75.7393
21.6927 75.6513
18.7006 75.0039
17.6137 76.2932
16.3003 76.6868
14.8259 76.2724
12.4522 78.62
10.9529 77.9341
8.27865 78.7661
7.0509 80.5922
5.75491 82.299
---------------------------
44
128.91 68.5429
127.432 70.6368
107.702 67.2998
101.395 65.8469
91.2535 63.8964
87.8592 63.8335
86.013 64.8155
80.2015 64.9459
77.3705 64.9215
76.5275 66.5244
72.404 67.5178
70.3514 67.9376
58.2124 60.2807
57.1515 61.2874
55.8724 62.0526
55.0434 63.3201
52.2336 64.5031
52.3312 66.9809
54.5846 72.4362
53.1358 73.1351
49.6004 73.5356
48.0372 73.9707
46.262 74.0346
43.4 75.171
41.8391 75.4797
40.6562 76.4633
37.8753 77.6558
36.641 78.5769
36.1589 81.2142
33.8764 79.8078
30.1029 78.4208
28.6613 78.7462
27.8361 80.8418
23.0389 75.3568
21.6927 75.6513
20.4985 76.5013
18.7973 75.392
16.2379 76.3933
15.2647 78.5302
13.614 77.2089
10.9112 77.637
9.59112 78.1134
7.00732 80.0941
5.72003 81.8003
---------------------------
44
130.853 69.5757
127.432 70.6368
108.55 67.8297
101.395 65.8469
91.4174 64.0111
88.911 64.5976
85.8533 64.6951
80.2792 65.0088
77.2939 64.8573
76.4521 66.4588
72.1846 67.3132
70.2795 67.8681
59.2556 59.2556
57.0151 61.1412
55.4709 61.6067
54.7809 63.0182
52.0448 64.27
52.1465 66.7445
54.4041 72.1967
53.3709 73.4587
49.4327 73.2869
48.0372 73.9707
45.997 73.6106
44.6538 74.3164
41.5482 74.9549
40.5623 76.2867
39.134 76.8048
36.5987 78.4863
35.7522 80.3006
33.7201 79.4396
30.0312 78.234
28.5245 78.3704
27.8361 80.8418
24.3196 74.8481
21.5824 75.2668
20.3691 76.0184
18.7973 75.392
16.1963 76.1977
15.1121 77.7449
13.5619 76.9135
10.8137 76.9438
9.50581 77.4186
8.31001 79.0645
7.0509 80.5922
---------------------------
44
132.354 70.3738
126.557 70.152
107.278 67.0348
100.808 65.4656
91.4993 64.0685
88.911 64.5976
85.6936 64.5748
80.2015 64.9459
77.3705 64.9215
75.8483 65.9339
72.2577 67.3814
62.5106 60.3658
59.1848 59.1848
57.6566 59.7052
55.1364 61.2351
54.6497 62.8673
53.737 64.0413
52.8853 67.6901
54.2235 71.9571
52.4892 72.2452
50.4747 72.0854
47.7648 73.5514
45.785 73.2714
44.3448 73.8021
41.4027 74.6925
40.4215 76.0218
38.8162 76.1811
37.6999 77.2963
35.7115 80.2093
33.5247 78.9793
31.1298 77.049
28.2167 77.5246
27.7058 80.4636
24.3196 74.8481
21.4997 74.9784
20.0067 74.6661
18.5312 74.3247
15.926 74.9261
14.5396 74.8
13.1799 74.7469
11.7482 74.1754
9.46925 77.1208
8.23684 78.3683
7.00732 80.0941
---------------------------
42
132.795 70.6085
126.47 70.1035
118.299 68.3
107.278 67.0348
100.808 65.4656
93.1009 62.7974
88.5065 64.3037
85.8533 64.6951
80.9287 63.2284
77.3705 64.9215
74.9427 65.1467
73.72 66.3778
65.0283 62.7971
60.8112 60.8112
57.865 59.921
55.4709 61.6067
54.4529 62.6409
53.8656 64.1945
55.2543 68.2334
54.3439 72.1168
52.2541 71.9216
50.8189 72.5769
49.2649 73.0382
45.785 73.2714
44.2418 73.6307
42.55 73.6988
40.3276 75.8452
38.6346 75.8247
37.5246 76.9368
37.3595 80.1176
33.3684 78.6111
30.8301 76.3072
29.2787 76.2735
27.7384 80.5582
24.196 74.4677
22.2787 72.8704
19.0491 71.0921
17.5151 70.2494
16.0615 69.57
9.24988 75.3343
8.00688 76.1804
6.83301 78.1017
---------------------------
32
127.607 70.7337
116.394 67.2
109.889 66.0279
102.15 66.337
96.9974 65.4256
92.0727 64.47
85.9332 64.7553
82.9775 64.8292
81.2118 65.764
78.4143 68.1645
75.5035 67.9837
63.5546 59.2657
60.7405 60.7405
58.9765 61.072
57.6971 61.8725
56.2243 64.6786
55.344 65.9564
56.8906 70.254
55.8405 71.4726
52.2541 71.9216
49.9011 71.2662
48.8175 72.375
46.5122 71.6225
43.6237 72.6021
41.85 72.4863
40.821 73.643
37.8628 74.3099
37.3054 76.4874
37.1059 79.5738
34.4913 77.4687
30.493 75.4728
28.9561 75.4333
---------------------------
28
132.707 70.5616
122.359 67.8249
114.346 68.7061
106.43 66.5049
100.724 65.4111
93.2195 65.273
88.9919 64.6564
85.3741 64.334
81.0563 65.6381
80.1283 67.2356
75.0181 65.2123
65.3099 60.9025
62.3668 60.2269
60.7405 60.7405
58.7201 62.9696
58.4151 64.8765
58.7173 67.5465
52.8853 67.6901
51.6959 68.6028
49.4915 68.1192
47.5873 70.5511
44.8783 69.1065
43.4004 69.4551
40.2 69.6284
39.2211 70.7567
38.6375 72.6666
37.0456 72.7061
35.3731 75.858
---------------------------
25
133.325 70.8902
119.338 68.9
115.032 69.1181
107.448 67.1408
100.231 67.6064
95.1036 66.5922
90.2863 65.5968
84.9476 66.3683
81.3672 65.8898
79.1324 66.4
67.0317 60.3556
64.9442 60.5615
62.2948 60.1574
60.0879 62.2229
60.2887 64.6517
60.1548 66.8087
56.1796 66.9523
51.1637 63.182
47.8985 61.3072
46.2587 63.6696
44.2322 65.5769
42.4818 65.4163
40.379 67.2019
39.55 68.5026
38.3484 69.1824
---------------------------
23
130.318 72.2366
119.425 68.95
111.349 69.5784
105.421 68.4611
100.148 67.5505
93.2797 67.7716
87.9298 66.2598
84.3171 65.8758
81.7558 66.2045
68.6031 59.6358
64.1334 57.746
61.2158 59.1154
59.3263 59.3263
57.5872 59.6333
58.0381 62.2382
56.7581 67.6417
46.7287 59.81
45.3769 60.2171
45.377 62.4561
43.7639 62.5013
42.0461 64.7454
40.4328 64.7061
39.8124 66.259
---------------------------
24
133.502 70.9841
123.496 68.4551
117.089 70.3542
108.889 68.0416
103.744 67.3718
95.595 66.9364
91.4189 66.4197
86.2526 64.996
81.7558 66.2045
79.6686 66.8499
63.6132 57.2776
61.8725 57.6971
57.8349 55.8505
56.1284 58.1227
53.9461 57.8501
53.5304 59.4516
53.0752 61.056
46.1292 56.9648
45.0664 57.6824
44.7149 59.3386
43.7065 62.4194
41.548 61.5975
40.2488 61.9778
39.7969 63.6884
---------------------------
24
135.974 72.2986
126.732 70.2489
120.984 69.85
111.775 67.161
105.169 68.2977
99.6503 67.215
94.4482 66.1334
86.8117 65.4173
82.5047 64.4598
80.3569 65.0717
64.2258 55.8306
62.7957 56.5415
57.6191 55.6421
55.9321 55.9321
53.6971 55.605
51.9914 57.7424
51.9599 59.773
46.5378 55.4616
44.1429 56.5004
43.3307 57.5018
43.8488 60.3527
40.8211 60.5197
39.7586 61.2229
39.967 66.5162
---------------------------
23
136.146 69.3698
132.266 70.3268
121.33 70.05
112.632 67.676
105.421 68.4611
100.314 67.6623
94.4482 66.1334
86.8915 65.4775
82.4259 64.3982
69.3991 56.1983
63.773 55.437
62.1269 55.9393
57.9232 54.0143
53.9522 53.9523
52.4467 54.3102
47.4987 54.641
44.9309 53.5465
44.1783 54.5556
42.3678 56.2239
42.3205 58.2492
40.9534 58.4875
39.214 60.3843
38.9491 62.3315
---------------------------
22
132.266 70.3268
121.936 70.4
112.546 67.6245
106.515 66.5579
100.148 67.5505
94.4482 66.1334
87.9401 63.8923
82.6623 64.5829
68.622 55.569
63.5465 55.2402
58.8571 52.9951
56.2411 52.4457
52.2552 52.2552
50.2238 52.0083
47.8081 51.2679
45.2025 51.9995
44.0952 52.5506
43.1714 53.3122
41.8261 55.5052
41.0862 56.5503
40.4371 57.7502
39.9264 59.1933
---------------------------
22
132.53 70.4677
122.534 67.9218
112.46 67.573
106.6 66.6109
101.311 65.7924
93.8748 65.7319
87.5356 63.5984
82.9782 62.5286
65.8243 53.3034
64.3477 53.9942
57.9653 52.1922
54.4127 50.7407
52.5118 50.7101
49.1123 50.8573
46.7851 50.1709
45.1663 50.1623
43.131 51.4016
42.2903 52.2242
42.2344 54.0575
41.2845 54.7864
39.5194 56.4396
39.8705 59.1104
---------------------------
20
137.304 69.9599
122.534 67.9218
117.173 67.65
108.126 67.5647
101.982 66.2281
95.588 64.4749
88.3865 61.8889
82.7386 62.348
64.814 52.4853
63.8115 53.5442
58.0372 50.4509
54.047 50.3997
51.8644 50.0849
49.5682 49.5682
46.1713 49.5126
44.6979 49.6421
43.4311 49.9618
42.7454 50.942
41.4956 53.1119
40.7429 54.0676
---------------------------
21
134.898 68.7342
127.851 67.9795
119.252 68.85
109.375 65.7189
103.207 64.4912
95.588 64.4749
88.4684 61.9463
83.5715 60.7182
65.9565 51.5309
64.1923 51.9819
57.8862 50.3197
55.4386 49.9171
53.1694 49.5813
49.851 49.851
47.6536 49.3467
45.4893 48.7813
43.4967 50.0372
42.6168 50.7887
42.4162 52.3796
41.6803 53.3483
40.1457 55.2559
---------------------------
23
137.246 66.9393
127.851 67.9795
120.523 66.8068
110.505 63.8
103.292 64.5442
96.7826 62.8513
88.4684 61.9463
82.9242 60.248
67.9639 51.2145
63.3374 51.2896
61.973 52.0015
56.6276 50.9878
53.6082 49.9905
52.5118 50.7101
52.0431 52.0431
46.9897 50.3903
45.9024 50.9797
44.8088 51.5467
43.7378 54.0116
43.4041 55.5548
41.8261 55.5052
40.0356 57.1768
39.4231 58.4471
---------------------------
20
131.245 66.8728
121.485 67.3401
111.804 64.55
104.819 65.498
97.0342 63.0147
90.0335 60.7284
84.5423 61.4236
69.0021 51.9968
63.5705 51.4784
61.973 52.0015
58.3391 50.7134
56.9249 51.2554
54.526 52.6551
53.9522 53.9523
54.4612 56.3962
46.1866 53.1316
45.8052 58.628
43.09 57.1823
42.3793 58.3301
41.7564 59.6343
---------------------------
23
132.404 67.463
121.66 67.437
111.111 64.15
105.86 63.6072
96.6148 62.7424
90.6138 61.1198
86.2567 60.3976
80.5823 60.7231
68.5569 53.5625
64.5009 54.1227
62.5654 54.3873
59.6745 53.7312
58.5083 54.5599
60.2455 60.2455
60.7131 62.8703
49.1733 58.6024
49.087 60.6174
46.4824 59.4948
43.261 59.5437
42.2152 60.2896
41.4921 61.5146
39.7439 63.6036
38.8854 64.7161
---------------------------
30
133.473 68.0078
123.436 65.6321
113.788 63.0737
105.26 63.2467
97.9496 61.2057
92.2538 59.9103
86.011 60.2255
82.6006 60.0129
79.2246 59.7001
66.6014 53.9328
64.8074 54.3798
62.5728 56.3408
61.2874 57.1515
60.8561 58.7681
60.6698 60.6698
54.8327 58.8008
54.6011 60.6406
51.6975 59.4711
50.0939 61.8608
48.7604 62.4104
46.2796 61.4151
43.7065 62.4194
42.1631 62.5094
41.1202 63.3196
40.2209 64.3669
38.8722 73.1081
25.6447 52.5795
22.9482 49.2125
21.373 50.3516
20.0415 49.6043
---------------------------
37
126.968 64.6936
117.636 65.2069
107.993 62.35
100.494 62.7954
93.0924 60.4549
87.0489 58.7153
82.4388 59.8953
81.2212 61.2046
76.6734 59.9039
65.8032 55.2155
63.1692 54.9121
61.6067 55.4709
61.2874 57.1515
60.3162 60.3162
61.6857 63.8774
56.4695 60.5561
54.0593 62.1881
52.7086 62.8156
51.3525 63.4151
48.1452 63.8908
45.4358 62.537
44.108 62.9928
41.5015 63.9067
40.3269 64.5365
39.5549 65.8305
38.95 67.4634
39.5605 71.369
32.7327 64.2416
31.6942 64.9828
24.1195 54.1732
19.7461 51.4403
18.8453 51.7771
18.0039 52.2872
17.1504 52.7836
15.3806 53.6384
14.5456 54.285
12.3707 58.1998
---------------------------
32
118.668 63.097
109.725 63.35
102.26 61.444
95.2358 59.5099
89.0386 60.0573
84.8642 59.4225
82.3579 59.8365
79.5891 62.1818
67.4563 54.625
64.8296 56.3555
62.4985 56.2739
61.1412 57.0151
59.9929 57.9345
58.9765 61.072
59.2657 63.5546
56.6084 62.8701
53.1585 63.3519
52.1707 64.4254
50.238 64.3017
47.2579 65.045
44.739 63.8939
43.617 64.6649
42.3185 65.1647
39.5034 65.7447
38.6 66.8572
38.5908 69.6197
34.4579 67.6274
31.3435 64.2638
19.0457 55.3128
17.3668 53.4494
15.6838 54.6958
14.0557 56.3742
---------------------------
32
128.822 68.4959
113.709 65.65
106.117 63.7617
99.7305 62.3185
92.0232 62.0704
87.8131 61.4874
84.3805 61.306
82.499 62.1675
76.7043 62.1139
68.7908 57.7223
63.5389 57.2107
61.6531 57.4925
60.2807 58.2124
58.3513 60.4245
58.3791 62.6039
59.0842 65.6197
58.6517 67.471
52.8629 65.2803
52.0234 66.5869
49.2887 65.4082
46.6318 66.5971
44.344 65.7427
43.4077 66.842
41.4927 66.4022
39.3 68.0696
38.0091 68.5702
37.323 70.1943
32.7463 67.1399
30.8089 66.0698
33.1897 74.5453
17.6593 57.7608
16.2902 56.8106
---------------------------
33
123.409 68.4066
111.432 66.9549
104.819 65.498
98.7115 64.104
91.5812 64.1258
87.0502 63.2457
84.5755 63.7322
81.4449 65.9528
76.8343 64.4716
76.1502 66.1964
65.6756 61.2435
62.0071 59.8796
60.6698 60.6698
59.2544 61.3597
57.3445 63.6875
59.8982 68.905
57.9794 69.0972
53.3163 68.2417
52.2977 69.4014
50.2556 69.171
47.8936 68.3992
44.8783 69.1065
43.3474 69.3703
42.0271 69.9448
39.2211 70.7567
37.7925 71.0773
36.7278 72.0824
32.5839 69.8763
30.7493 69.064
24.6916 64.3237
23.0522 63.3353
14.7343 63.8212
13.5558 63.7752
---------------------------
34
129.881 71.9942
121.157 69.95
112.46 67.573
105.337 68.4067
99.6503 67.215
93.2195 65.273
88.0895 66.3802
84.5536 66.0605
82.766 67.0226
80.8177 67.8141
74.6117 67.1807
72.7697 67.8588
63.2861 63.2861
61.1299 63.3019
60.2887 64.6517
58.6828 65.1738
56.4368 67.2587
58.5268 72.2746
55.9636 71.6302
52.548 72.3261
50.9336 72.7407
48.5379 71.9605
46.9479 72.2934
43.6237 72.6021
42.7 73.9586
40.627 73.2931
38.226 75.0227
37.2615 76.3975
35.2886 75.6767
31.1803 73.4563
29.8936 73.9893
27.3076 71.1388
23.6688 68.7392
14.5746 68.5681
---------------------------
36
126.47 70.1035
118.889 71.4358
112.112 70.0553
106.679 69.2781
99.6908 69.8043
96.5966 70.1816
91.4438 68.9078
86.0301 69.6658
80.7411 67.7498
77.9615 67.7709
74.8175 69.7684
73.1569 70.6468
66.8216 66.8216
61.9255 66.4069
59.8203 66.4371
57.9956 66.7163
57.0795 68.0247
55.5942 71.1574
57.1122 75.7905
54.1938 74.5914
51.5576 76.4373
49.8345 76.7384
47.4808 75.9851
45.5809 75.8593
42.6148 76.8791
41.1257 77.3462
39.5426 77.6067
36.7678 78.8488
35.5895 79.9352
33.0168 77.7827
25.7524 74.7905
22.6003 73.9224
20.4799 71.4217
19.1267 71.3819
17.7329 71.1227
12.85 72.8758
---------------------------
41
131.368 72.8184
125.054 72.2
118.889 71.4358
111.124 72.1647
106.448 71.8004
102.722 71.9265
97.2738 73.3011
91.4092 71.4167
87.6621 70.9873
84.2256 73.2162
79.3679 71.4632
77.1578 71.9508
73.3977 73.3977
71.4803 74.0201
64.1078 68.7472
59.8982 68.905
57.7866 68.8674
56.1983 69.3991
54.2837 72.0369
56.3098 77.5038
55.4075 79.1301
53.2911 79.0073
49.8654 79.8013
47.8985 79.7166
46.05 79.7609
44.1662 79.6779
41.2223 80.9034
39.5411 81.0712
38.1624 81.8396
35.0877 82.6613
33.5273 82.983
31.2855 81.5016
29.6873 81.5653
27.3171 84.0734
23.9745 78.417
22.2991 77.7661
19.257 77.2355
17.6362 76.3906
16.4458 77.3715
13.4751 76.4211
10.7581 76.5477
---------------------------
43
134.738 71.6414
127.432 70.6368
121.975 73.2899
116.861 73.0229
111.879 72.6548
107.858 72.751
103.069 74.8838
101.027 76.1296
96.8465 75.6648
90.24 75.7204
85.8105 74.5939
81.8202 73.6713
77.8326 75.162
76.2968 76.2968
72.9391 75.5307
69.5896 77.2871
61.3415 70.5653
58.7508 70.0165
55.4711 70.9998
54.3439 72.1168
53.7236 73.9442
56.3252 80.4407
53.3202 82.1059
50.8722 81.4126
49.4437 82.2881
47.15 81.6662
44.1303 82.9971
42.3119 83.0418
40.8562 83.7676
37.7452 84.777
36.1426 85.1467
34.7635 86.0427
30.9186 84.9482
29.2035 84.813
28.1205 86.5461
25.2609 82.6247
21.922 81.8139
20.1763 80.9227
18.446 79.8983
15.8944 81.7695
12.7651 80.5954
8.15322 77.5727
6.9376 79.2971
---------------------------
45
170.385 72.3243
133.502 70.9841
125.141 72.25
123.089 73.9595
118.472 74.0297
113.164 76.3298
110.094 77.0887
123.294 89.5785
104.701 78.898
90.7763 76.1703
86.6407 75.3156
81.4728 75.9746
78.408 75.7178
76.6504 76.6504
71.9508 77.1578
69.9911 77.7329
63.9002 73.5087
58.4639 72.1969
55.9021 71.5514
54.4041 72.1967
52.1381 74.4609
54.1858 80.3337
54.0827 83.28
51.4552 82.3455
48.55 84.0911
46.3963 83.7011
44.8815 84.4098
41.5576 85.2057
40.0219 85.8273
38.2739 85.9646
36.6115 86.2513
33.7941 88.0366
31.5001 86.5457
29.6918 86.2313
28.6768 88.258
24.642 85.9368
22.3361 83.3594
19.3233 83.6984
17.6101 82.8491
16.1615 83.1438
14.3781 81.5421
11.4679 81.5981
9.85923 80.297
8.52952 81.153
7.14677 81.688
---------------------------
41
131.105 72.673
126.267 72.9
123.9 77.4212
127.624 89.3632
120.754 90.9944
115.05 89.8866
92.6914 77.7773
87.7727 76.2997
86.3534 77.753
79.6309 76.8987
76.9332 76.9332
75.0231 77.6887
71.678 76.8653
68.6894 79.0181
61.1291 72.8508
57.9604 71.5751
54.8253 72.7557
53.4885 73.6205
52.8264 75.4439
55.9193 82.9038
51.9851 83.1935
50.0617 83.3167
48.6 84.1777
45.1162 84.8513
43.3107 85.002
41.8206 85.745
38.64 86.7868
37.1585 87.54
35.4003 87.6189
33.6866 87.7566
30.0499 87.2714
28.5223 87.7825
27.8045 90.9446
23.009 85.8708
20.9988 84.2217
19.2558 83.4061
16.0852 82.7512
13.1718 83.1634
10.1639 82.7784
8.76994 83.4404
7.48668 85.5731
---------------------------
43
132.505 73.4487
128.345 74.1
126.004 75.7106
121.02 78.5914
128.689 90.1089
124.589 90.5189
104.569 81.6983
94.0347 76.1478
91.4657 76.7488
85.6846 77.1508
81.6191 76.111
78.6958 75.9956
75.5094 78.1922
72.019 77.2309
70.1918 77.9559
62.2218 74.1531
58.2121 71.886
56.0868 71.7878
53.5472 73.7014
52.8837 75.5258
55.9193 82.9038
54.0282 83.1961
50.3192 83.7452
48.75 84.4375
46.8326 84.4883
43.6285 85.6257
41.9521 86.0146
40.2755 86.3711
38.6807 86.8782
35.4378 87.7116
33.9016 88.3167
31.7053 87.1095
28.4914 87.6874
27.6291 90.3708
24.5042 85.4562
21.023 84.3187
19.4358 84.1856
17.8596 84.0229
16.2569 83.6346
13.25 83.6572
11.6627 82.9845
8.81175 83.8382
7.45182 85.1746
---------------------------
43
135.797 72.2047
126.353 72.95
124.032 74.526
119.49 74.6656
113.081 76.2739
109.193 76.4577
106.062 77.0587
102.599 80.1591
93.4129 75.6443
90.8529 76.2346
85.1644 76.6824
81.034 75.5654
78.2642 75.5788
75.6483 78.3361
71.9508 77.1578
70.3256 78.1045
62.2218 74.1531
59.0932 72.974
56.333 72.103
54.9457 72.9154
52.7117 75.2801
55.6956 82.5721
54.3005 83.6155
50.3192 83.7452
48.95 84.7839
46.6387 84.1384
44.9284 84.4981
41.8644 85.8348
40.36 86.5524
38.64 86.7868
35.4752 87.8043
33.7941 88.0366
31.6027 86.8276
28.4605 87.5923
25.6702 83.9636
23.9253 83.4375
22.2326 82.973
18.6484 80.7753
17.2359 81.0884
16.1615 83.1438
11.6627 82.9845
10.2736 83.6716
7.42567 84.8758
---------------------------
45
131.383 69.8574
124.361 71.8
121.032 72.7234
115.843 72.387
110.594 74.5963
106.572 74.6223
102.502 74.4724
99.7622 77.9427
92.3249 74.7633
87.7121 73.5992
85.6846 77.1508
80.3026 74.8834
78.1922 75.5094
75.162 77.8326
71.9508 77.1578
70.058 77.8073
63.3097 72.8295
58.5268 72.2746
56.0868 71.7878
54.7652 72.6758
52.4249 74.8705
55.6397 82.4892
54.6273 84.1187
51.6141 82.5999
48.75 84.4375
46.6387 84.1384
44.9754 84.5864
41.9521 86.0146
40.2755 86.3711
38.7213 86.9695
37.1195 87.448
33.9374 88.4101
31.7053 87.1095
30.0174 87.1768
25.5533 83.581
23.8978 83.3414
22.3878 83.5526
19.2333 83.3086
17.6309 82.9469
16.2378 83.5365
13.1874 83.2621
11.7184 83.3806
10.3223 84.0687
8.89537 84.6338
6.08974 87.0873
---------------------------
45
131.383 69.8574
124.101 71.65
120.775 72.5689
115.759 72.334
110.511 74.5404
106.654 74.6796
103.069 74.8838
100.388 75.6481
92.0141 74.5115
88.0951 73.9206
86.4897 75.1844
80.4489 75.0198
78.0484 75.3704
76.7918 76.7918
71.8144 77.0116
69.7234 77.4357
62.7848 72.2257
57.9604 71.5751
55.9021 71.5514
54.4041 72.1967
52.3102 74.7067
55.5279 82.3234
53.7559 82.7768
51.6671 82.6847
48.75 84.4375
46.7841 84.4008
45.2101 85.0279
43.5377 85.4475
40.3178 86.4618
38.7213 86.9695
37.3148 87.9082
34.045 88.6901
31.7737 87.2974
30.0825 87.3659
25.4071 83.1029
24.0631 83.9182
22.4655 83.8424
20.7811 83.3484
17.6933 83.2404
16.3905 84.3218
14.7948 83.9056
11.8436 84.2718
10.3711 84.4657
8.979 85.4294
6.03394 86.2893
---------------------------
45
133.502 70.9841
126.47 70.1035
120.775 72.5689
116.607 72.8639
111.963 72.7093
106.572 74.6223
103.069 74.8838
101.107 76.1898
95.1129 74.3103
90.1634 75.6561
86.1124 74.8563
82.935 74.675
78.1203 75.4399
76.4382 76.4382
73.2865 75.8904
71.2688 76.4265
68.8206 79.169
59.715 71.1655
55.7789 71.3938
54.2837 72.0369
53.3121 73.3778
53.6294 76.5907
54.4639 83.8671
51.7201 82.7695
50.1132 83.4024
46.8326 84.4883
45.2571 85.1161
43.6739 85.7148
42.0836 86.2842
38.762 87.0609
37.3148 87.9082
36.0372 89.1951
33.3282 86.823
30.0174 87.1768
29.0476 89.3993
25.5533 83.581
22.6208 84.4219
20.9021 83.8335
19.3233 83.6984
16.3142 83.9291
14.7948 83.9056
13.1718 83.1634
10.4198 84.8627
9.02081 85.8272
7.69585 87.964
---------------------------
47
152.169 70.9576
140.032 68.2982
132.314 67.4176
126.557 70.152
120.204 69.4
115.975 69.6847
110.034 71.4566
105.702 71.2971
101.821 71.2956
97.5134 73.4816
94.7189 74.0025
91.4701 74.071
86.4142 75.1188
82.712 74.4742
80.0101 74.6106
78.1922 75.5094
74.1895 76.8255
72.019 77.2309
70.5264 78.3275
60.7434 72.3912
57.7716 71.342
56.0868 71.7878
53.6648 73.8633
53.6294 76.5907
56.2548 83.4012
52.0381 83.2783
50.4737 84.0024
48.55 84.0911
46.8811 84.5757
43.6739 85.7148
42.3467 86.8235
40.4023 86.643
37.2367 87.7241
35.9622 89.0097
33.5791 87.4765
31.6711 87.0155
29.2021 89.8748
25.6702 83.9636
23.9253 83.4375
20.9021 83.8335
19.2783 83.5035
17.6933 83.2404
14.708 83.4132
13.1874 83.2621
11.8993 84.6679
9.03126 85.9267
7.70457 88.0636
---------------------------
46
159.708 67.7919
151.831 67.5996
142.459 69.4818
138.462 70.5501
162.207 93.65
116.232 69.8392
111.349 69.5784
105.619 71.2412
101.247 70.8941
96.7584 70.2991
91.4092 71.4167
89.5272 72.4977
86.7162 72.7636
81.3 73.2029
78.9131 73.5876
77.2571 74.6063
74.8826 74.8826
71.678 76.8653
70.2587 78.0302
61.9976 71.3201
58.338 72.0414
56.5177 72.3394
55.6077 73.7939
54.8339 78.3109
56.087 83.1525
53.538 82.4413
51.6671 82.6847
48.35 83.7447
46.3963 83.7011
44.5059 83.7034
42.9929 84.3783
39.8529 85.4648
38.4773 86.4214
36.7678 86.6195
33.7941 88.0366
31.6369 86.9216
29.5941 85.9476
25.5533 83.581
23.7875 82.9569
21.9479 81.9105
18.446 79.8983
17.2359 81.0884
14.4823 82.133
11.6766 83.0835
10.4686 85.2597
7.61741 87.0674
---------------------------
42
152.94 88.3
141.624 88.4965
108.272 70.3129
100.592 70.4352
96.5157 70.1228
91.1243 68.6671
86.8072 70.2951
84.8777 71.2209
80.9803 70.3951
77.4504 72.2236
75.171 72.5918
73.5391 73.5391
72.1055 74.6675
63.2998 70.3015
61.3415 70.5653
58.8793 70.1697
56.5793 72.4182
55.9086 74.1932
57.4266 79.041
54.4898 77.8194
51.5773 79.4221
49.6534 79.4621
47.744 79.4594
44.9418 81.0772
43.0505 80.9663
41.0861 80.6361
38.247 82.0209
36.6876 82.4018
35.6738 84.0421
34.2765 84.8373
31.6369 86.9216
30.1476 87.555
28.2442 86.9266
24.4766 85.36
22.2326 82.973
20.3698 81.6989
17.6101 82.8491
15.8181 81.3769
14.5344 82.4284
12.9058 81.4843
10.2736 83.6716
8.94764 85.1311
---------------------------
34
153.027 88.35
144.09 86.5779
135.445 87.9592
130.076 87.7374
100.428 70.3205
91.3639 68.8476
87.8632 68.6463
82.6562 69.3568
80.6785 70.1327
78.6247 70.794
75.8414 70.7232
72.9734 72.9734
64.6727 66.9705
61.9255 66.4069
60.095 69.1314
58.1723 69.327
57.394 70.8757
57.5028 73.6002
54.0175 74.3487
52.597 75.1162
50.3274 74.6134
47.2158 75.5611
44.2418 73.6307
42.5 73.6122
39.7642 74.7857
38.4076 75.3792
37.3931 76.6671
34.8167 78.1995
33.6029 79.1634
32.7032 80.9432
32.0739 83.5555
31.329 86.0758
10.2127 83.1754
8.93718 85.0316
---------------------------
27
165.464 87.979
153.496 85.0841
148.547 89.2561
148.069 92.5239
87.8175 71.1132
86.7162 72.7636
80.5275 70.0015
76.4265 71.2688
74.7394 72.175
64.9831 64.9831
61.1753 65.6024
58.8166 65.3224
56.9459 65.5088
54.0586 66.7568
53.1316 68.0053
50.7932 67.4048
49.0801 67.5529
46.3012 68.6443
44.9327 69.1903
43.3474 69.3703
40.8 70.6677
39.1726 70.6693
37.6986 70.9007
36.7278 72.0824
34.4434 73.8641
33.6371 75.5502
33.4075 78.7032
