---------------------------
21
104.017 44.1526
101.86 45.3511
98.6344 50.2567
95.8881 50.9846
96.2082 53.3291
92.9461 58.0792
89.9894 58.4398
85.1099 59.5946
81.0635 58.8961
78.2663 58.9779
72.4182 56.5793
67.2587 56.4368
64.4522 56.0274
63.8361 57.4783
50.9758 58.6409
55.6077 73.7939
44.3778 61.0808
40.9888 60.7685
39.0506 60.1327
37.6243 60.2114
32.8216 59.2118
---------------------------
23
104.748 40.2089
99.9668 42.4334
96.8358 43.1141
95.6155 44.5862
94.3576 48.0776
97.2125 51.6888
94.3715 52.311
90.4312 54.3365
88.4514 55.2706
85.2928 55.3898
81.7431 55.1364
77.1802 56.0747
72.1966 54.4041
68.8721 53.8088
61.973 52.0015
58.9428 51.2382
57.8501 53.9461
57.7706 57.7706
39.7586 61.2229
37.8362 60.5506
33.9852 61.3108
31.6424 59.5107
30.3266 59.5192
---------------------------
21
103.534 39.743
98.8622 41.9645
93.8211 41.7719
93.1684 43.4452
89.9026 45.8076
87.1469 46.3368
88.5115 49.0627
90.9327 52.5
88.1122 55.0586
84.0348 54.5728
80.1679 54.074
75.724 55.0167
72.1966 54.4041
63.0409 49.2529
59.5216 49.9446
57.056 49.5981
55.8102 50.2517
55.2903 51.5591
54.3765 54.3765
55.0169 56.9717
54.2871 58.2158
---------------------------
21
104.748 40.2089
99.3941 40.1578
90.6237 40.3483
91.809 42.8112
89.0705 43.4426
86.784 44.2187
83.1763 46.1054
83.3982 48.15
88.6311 53.2549
83.6993 54.355
80.2508 54.1299
76.5088 53.572
61.3168 49.6534
56.9051 49.4669
55.5129 49.9841
54.4127 50.7407
52.7502 52.7502
52.8635 54.7418
52.9231 56.753
53.5304 59.4516
30.7298 63.0055
---------------------------
22
103.534 39.743
96.8371 41.1049
94.2779 41.9752
91.4465 42.6422
86.6949 44.1733
84.4981 44.9284
81.6895 45.2812
79.2023 47.5895
73.6954 46.05
72.0418 46.7845
69.3822 48.5819
66.9866 48.6686
63.8908 48.1452
61.0837 49.4646
59.7515 50.1374
56.4523 49.0732
54.4859 50.8089
53.3031 51.4742
52.8209 52.8209
53.0024 54.8856
51.9599 59.773
30.7298 63.0055
---------------------------
24
99.6074 36.2541
96.999 37.2344
93.9237 37.9477
94.4438 40.089
92.4434 43.1071
87.0931 42.4782
84.4674 43.0383
80.9023 44.8449
78.6351 45.4
77.0593 46.3019
72.0418 46.7845
69.8879 47.14
67.662 47.3774
65.6922 47.7282
62.0952 48.5141
60.6951 49.1499
57.6065 48.3376
55.29 49.7833
54.1933 50.5361
53.375 51.5437
52.0994 53.9505
52.1729 55.9486
52.1253 57.891
52.3535 60.2258
---------------------------
22
97.3521 35.4333
95.0882 40.3625
93.7298 41.7312
88.5312 43.1796
85.0911 43.3561
81.9375 43.567
78.6351 45.4
76.1165 45.7354
72.5929 45.3611
69.7221 47.0281
67.58 47.3201
67.3911 48.9625
63.1721 47.6036
60.5397 49.0241
58.6024 49.1733
56.2259 48.8764
54.4127 50.7407
53.2311 51.4047
52.8209 52.8209
51.8319 55.5829
52.0255 59.8485
29.6255 63.5322
---------------------------
23
97.822 35.6043
93.4312 39.6592
93.8211 41.7719
87.9919 42.9165
84.7347 43.1745
81.8492 43.52
78.9815 45.6
76.6308 46.0444
72.9321 45.5731
69.8879 47.14
67.9077 47.5495
66.663 48.4335
63.2519 47.6637
60.7728 49.2129
57.8364 48.5305
56.3013 48.942
54.4127 50.7407
53.375 51.5437
53.1037 53.1037
53.1414 55.0295
52.1253 57.891
52.7471 60.6787
46.7287 59.81
---------------------------
24
97.6525 37.4853
94.3873 38.135
93.7074 39.7764
92.8162 41.3244
87.9919 42.9165
85.002 43.3107
82.0258 43.6139
78.8949 45.55
76.6308 46.0444
73.0169 45.626
70.3024 47.4196
67.9077 47.5495
66.663 48.4335
63.3318 47.7239
60.7728 49.2129
57.8364 48.5305
56.2259 48.8764
54.4127 50.7407
53.375 51.5437
53.1037 53.1037
53.1414 55.0295
52.1253 57.891
47.3444 60.598
31.0076 60.8557
---------------------------
23
100.698 34.673
97.7459 37.5211
94.2946 38.0975
95.2723 40.4407
92.534 43.1493
87.2729 42.5658
84.7347 43.1745
81.2522 45.0388
78.8949 45.55
76.6308 46.0444
72.1257 46.839
70.3024 47.4196
67.9077 47.5495
66.0967 48.0221
62.4104 48.7604
60.8505 49.2758
57.5299 48.2733
55.29 49.7833
54.1202 50.4679
53.375 51.5437
52.3078 54.1663
52.3093 56.0948
52.4598 58.2626
---------------------------
22
97.6525 37.4853
94.48 38.1724
93.2471 39.5811
92.534 43.1493
87.6324 42.7412
84.8238 43.2199
81.6895 45.2812
79.3279 45.8
76.9736 46.2504
72.6289 47.1657
70.2195 47.3636
68.3173 47.8363
66.0158 47.9633
61.8588 48.3294
60.8505 49.2758
56.5277 49.1388
55.3643 49.8502
54.2664 50.6043
53.6627 51.8215
52.7246 54.5979
52.5821 56.3874
52.5937 58.4112
---------------------------
20
98.306 37.7361
94.48 38.1724
93.2471 39.5811
92.534 43.1493
87.5425 42.6974
84.7347 43.1745
80.9898 44.8934
79.5877 45.95
78.0879 46.92
72.4611 47.0568
70.634 47.6432
62.0164 48.4526
60.8505 49.2758
57.3001 48.0805
55.29 49.7833
54.2664 50.6043
53.5189 51.6826
52.4467 54.3102
52.5821 56.3874
30.2038 61.9269
---------------------------
20
107.501 39.1271
94.8509 38.3223
94.4438 40.089
93.1816 41.4871
87.7223 42.785
85.6257 43.6285
81.6727 43.4261
80.1073 46.25
77.9165 46.817
73.1866 45.732
70.9656 47.8669
68.9726 48.2951
67.0675 48.7274
61.9376 48.391
60.8505 49.2758
57.3767 48.1448
55.29 49.7833
54.1202 50.4679
53.5189 51.6826
52.7867 56.6068
---------------------------
22
97.7459 37.5211
94.7582 38.2848
94.2597 40.0109
93.0903 41.4465
87.4527 42.6535
85.1802 43.4015
81.5844 43.3792
80.0207 46.2
78.0022 46.8685
73.1017 45.679
70.9656 47.8669
68.9726 48.2951
66.7439 48.4923
61.78 48.2679
61.4722 49.7792
57.3767 48.1448
55.29 49.7833
54.2664 50.6043
53.5908 51.752
53.3159 53.3159
52.7185 56.5336
48.5305 57.8364
---------------------------
21
94.9436 38.3597
95.3643 40.4797
93.273 41.5278
87.9919 42.9165
85.7148 43.6739
82.0258 43.6139
80.7274 44.7479
77.6594 46.6624
73.441 45.891
71.3709 46.3488
68.9726 48.2951
67.3911 48.9625
63.5714 47.9045
61.0837 49.4646
57.5299 48.2733
56.0749 48.7452
54.047 50.3997
53.4469 51.6131
53.3159 53.3159
31.2799 61.3904
30.0723 61.6573
---------------------------
21
95.5986 36.6969
94.1676 39.9718
93.4557 41.6092
89.9057 41.9237
85.893 43.7647
83.0854 44.1773
80.2026 44.457
77.4879 46.5594
73.2714 45.785
71.4547 46.4032
69.5563 46.9163
66.8248 48.5511
63.811 48.085
61.78 48.2679
57.5299 48.2733
56.1504 48.8108
55.1413 49.6495
53.3031 51.4742
53.1037 53.1037
53.1414 55.0295
31.0983 61.0339
---------------------------
21
95.9721 36.8402
94.2946 38.0975
93.5471 41.6498
90.4495 42.1773
86.2842 42.0836
82.9971 44.1303
80.1152 44.4086
78.1155 45.1
73.2714 45.785
72.0418 46.7845
69.805 47.084
66.663 48.4335
63.2519 47.6637
61.7012 48.2063
58.1428 48.7876
56.1504 48.8108
55.1413 49.6495
54.1202 50.4679
52.8209 52.8209
52.933 54.8137
30.0723 61.6573
---------------------------
21
96.4389 37.0194
94.2946 38.0975
92.2681 41.0804
90.5401 42.2196
87.3628 42.6097
84.2001 42.9021
80.0277 44.3601
78.1155 45.1
74.0593 44.4993
72.1257 46.839
69.8879 47.14
67.9896 47.6068
64.6096 48.6868
61.7012 48.2063
60.9282 49.3387
56.0749 48.7452
55.1413 49.6495
54.047 50.3997
53.6627 51.8215
53.0024 54.8856
30.0723 61.6573
---------------------------
20
96.4389 37.0194
94.2946 38.0975
93.1551 39.542
90.9027 42.3886
87.183 42.522
84.6456 43.1291
80.2901 44.5055
73.1866 45.732
69.8879 47.14
68.2354 47.7789
65.4495 47.5518
61.5436 48.0832
60.3842 48.8982
57.1469 47.952
55.2157 49.7164
54.047 50.3997
53.4469 51.6131
52.7246 54.5979
52.9913 56.8262
29.4585 60.399
---------------------------
20
96.4389 37.0194
94.2019 38.06
92.8789 39.4248
90.9027 42.3886
87.2729 42.5658
84.6456 43.1291
80.0277 44.3601
73.1866 45.732
70.2195 47.3636
68.2354 47.7789
66.0158 47.9633
61.7012 48.2063
60.6174 49.087
57.1469 47.952
55.067 49.5826
53.9739 50.3315
53.5189 51.6826
52.7246 54.5979
52.7185 56.5336
52.4598 58.2626
