---------------------------
32
170.004 86.6214
164.935 87.6973
156.924 90.6
155.233 93.2734
152.14 95.0675
131.485 88.688
127.378 89.1911
123.051 89.4021
118.518 89.3093
113.386 91.8178
87.1759 73.1492
72.8282 65.5748
70.3562 65.6082
67.9057 65.5758
66.062 68.4092
65.7446 70.5025
67.9837 75.5035
65.8027 75.6974
62.8062 77.5592
62.5512 80.0619
63.7924 84.6554
61.9463 88.4684
61.1757 90.6967
60.8362 93.6795
62.8484 100.579
39.8041 81.6105
36.8946 79.1207
35.5081 79.7525
32.1787 79.6451
30.4971 79.4477
28.8323 79.2161
27.7384 80.5582
---------------------------
35
137.828 73.2845
131.98 73.1578
123.004 73.908
117.624 73.4998
113.556 73.7441
109.357 76.5725
108.651 78.9396
115.483 87.0225
102.678 80.2207
75.9916 63.7645
73.1255 65.8425
70.6488 65.881
69.2724 66.8956
69.2965 69.2965
68.8136 73.7936
68.7197 76.321
65.0154 74.7917
62.479 74.4595
59.7192 76.437
59.339 78.7455
58.661 80.7399
58.5622 83.6354
57.3505 88.312
56.5424 90.4867
55.9331 93.0884
55.05 95.3494
53.0503 99.7731
41.9941 82.4181
37.7821 81.0239
35.1014 78.839
33.7592 79.5316
31.1063 81.0348
29.2769 80.4377
27.8361 80.8418
26.3282 81.03
---------------------------
40
168.885 64.8288
159.105 64.2825
169.189 75.3276
138.888 73.8479
133.292 73.885
126.44 73
118.472 74.0297
113.388 73.6352
108.77 73.3661
104.525 75.9419
101.986 76.8518
79.5891 62.1818
76.298 64.0216
73.8106 64.1626
72.7539 65.5079
72.1498 69.6742
74.1048 74.1048
71.9666 74.5236
69.7002 74.7443
64.6874 74.4144
61.9647 73.8467
59.5966 73.5957
58.3647 74.7034
56.251 77.4229
55.8663 79.7854
55.1923 81.826
53.5748 85.7377
52.4824 87.3454
51.35 88.9408
51.7292 93.3219
41.5401 81.5271
39.6287 81.251
35.7115 80.2093
33.4075 78.7032
32.1787 79.6451
30.8196 80.2879
27.6082 80.18
26.2973 80.9349
24.9978 81.7641
23.8151 83.053
---------------------------
40
168.978 64.8646
162.443 65.6311
156.486 66.4243
152.622 71.1689
142.383 72.5477
135.566 75.1455
129.644 74.85
119.918 72.0538
112.717 73.1995
107.112 72.2477
85.6833 59.9961
83.6171 63.01
79.6679 62.2434
78.3363 63.4355
75.8483 65.9339
78.699 70.8609
76.5727 71.4052
74.3078 71.7582
70.8552 73.3727
68.4726 73.4279
64.3704 71.4905
60.8077 72.4678
57.8345 71.4197
56.1483 71.8666
53.6648 73.8633
53.2853 76.0992
52.8996 78.427
52.7211 81.1833
51.1433 85.1167
51.65 89.4604
51.0505 92.0975
41.4493 81.3489
39.3657 80.7117
37.1059 79.5738
33.4075 78.7032
32.0663 79.3669
30.1746 78.6075
29.1059 79.9678
25.9265 79.7936
24.6469 80.6165
---------------------------
40
169.615 61.7346
162.35 65.5936
156.486 66.4243
152.014 67.681
148.121 72.2436
141.135 71.9121
136.239 72.4395
128.605 74.25
119.832 72.0023
113.045 70.6382
89.5361 60.3928
87.9769 61.6021
83.5715 60.7182
80.2195 62.6743
80.2792 65.0088
84.3415 70.7709
79.9237 69.4767
75.5488 70.4504
73.8043 71.2719
71.9128 71.9128
68.8818 73.8667
64.3704 71.4905
61.8664 71.1691
56.7647 70.0986
55.0401 70.4482
53.6819 71.2383
52.6068 72.407
50.8306 75.3595
50.8693 78.3318
50.3953 80.6494
50.9373 84.7738
48.872 91.9148
41.4947 81.438
37.3172 80.027
34.9794 78.5649
33.2512 78.335
30.6405 79.8211
28.9691 79.592
27.3803 79.5181
26.1737 80.5545
---------------------------
34
165.711 63.6103
160.31 64.7695
153.567 68.3724
148.544 69.2671
143.627 70.0517
137.21 72.9559
132.242 73.3032
124.275 71.75
97.0167 60.6228
93.344 60.6183
89.7848 60.5606
86.8884 63.1281
83.0581 62.5888
81.9531 64.0288
85.6415 69.3511
81.735 71.0512
76.9155 69.255
75.0369 69.973
72.337 72.337
70.2994 72.7972
67.245 72.1115
61.2759 70.4899
58.6865 69.9399
56.8276 70.1763
53.8624 71.4779
51.8427 71.3553
50.36 71.9216
50.2714 74.5305
48.9286 81.4309
39.8041 81.6105
37.3172 80.027
33.9155 79.8998
32.1787 79.6451
30.6405 79.8211
---------------------------
33
167.298 64.2195
162.164 65.5187
156.578 66.4634
153.567 68.3724
142.383 72.5477
137.122 72.9089
127.133 73.4
103.032 61.9076
94.7698 61.5442
90.6967 61.1757
87.9769 61.6021
84.0569 61.0709
80.9287 63.2284
78.1032 63.2467
76.9109 64.5359
79.8138 71.8646
74.9638 69.9048
73.2288 70.7162
71.7006 71.7006
68.0634 72.9891
61.4931 68.295
58.6517 67.471
56.8906 70.254
55.0401 70.4482
52.2375 69.3216
49.6717 70.9386
49.0971 72.7895
48.9631 75.3965
48.6466 77.8508
42.1757 82.7745
37.9934 81.4771
35.6708 80.1179
33.7592 79.5316
---------------------------
33
171.024 62.2477
163.833 66.193
156.578 66.4634
153.75 68.4538
150.628 70.2392
142.205 72.4569
137.122 72.9089
128.482 71.2185
94.6422 59.139
90.5309 61.0639
87.895 61.5448
83.5715 60.7182
78.8799 61.6277
77.0929 62.4286
74.6127 62.6075
71.119 64.0358
69.9174 65.199
72.7972 70.2994
71.5592 71.5592
67.6542 72.5503
61.8277 68.6666
57.602 66.2635
57.4009 68.4078
54.0551 69.1873
51.6959 68.6028
50.432 69.4137
48.2584 71.5459
48.1461 74.1385
48.1697 77.0876
48.4651 80.6594
42.2211 82.8636
37.9934 81.4771
35.7115 80.2093
---------------------------
36
170.742 62.1451
163.843 62.8936
157.867 67.0104
152.379 67.8437
149.722 69.8165
142.294 72.5023
136.151 72.3925
128.657 71.3155
118.032 70.9207
97.1863 60.7287
88.8991 57.7317
83.2258 58.2754
82.6006 60.0129
79.7837 60.1213
75.694 61.2958
73.3871 61.5791
71.3201 61.9976
68.0159 63.4258
66.8267 64.5338
66.0438 66.0438
63.4918 65.7477
60.0879 66.7344
57.0115 65.5843
55.0226 65.5734
52.6391 67.3749
50.9737 67.6444
49.5503 68.2001
48.8114 69.7098
46.7845 72.0418
47.3748 75.8155
48.1046 80.0594
48.95 84.7839
44.6467 83.9683
42.2211 82.8636
39.4096 80.8016
35.5081 79.7525
---------------------------
37
165.711 63.6103
159.383 64.3949
155.013 65.7991
151.988 70.8731
143.897 70.1832
138.73 70.6863
130.931 72.576
122.196 70.55
115.032 69.1181
90.5764 58.821
84.2302 56.814
81.7107 59.3663
77.7072 58.5566
78.1707 61.0736
75.3832 61.0441
72.1502 62.7192
70.0786 63.099
68.3084 63.6987
65.6902 65.6902
64.8811 67.1863
61.7209 66.1875
57.8644 66.5654
55.7297 66.4161
54.0586 66.7568
51.5154 68.3632
50.1969 69.09
49.2702 70.3652
48.5379 71.9605
47.3218 75.7307
47.2805 78.688
48.7 84.3509
47.2205 85.188
42.9021 84.2001
40.2863 82.5992
37.7398 80.9333
34.1108 80.3601
28.9691 79.592
---------------------------
37
163.833 66.193
157.682 66.9322
152.105 67.7217
148.211 72.2874
142.026 72.3661
135.974 72.2986
128.778 74.35
119.661 71.8993
94.3504 61.2719
91.1941 61.5112
88.878 62.233
85.1895 61.8938
80.4559 62.859
78.4917 63.5614
75.6086 63.4431
72.3823 65.1733
69.9905 65.2672
74.0201 71.4803
72.7613 72.7613
68.8136 73.7936
63.5674 70.5988
57.93 66.6409
55.2543 68.2334
54.3629 69.5814
51.9968 69.0021
49.4996 70.6928
48.5379 71.9605
48.4184 74.5578
48.1697 77.0876
47.35 82.0126
48.0446 86.6748
45.1632 84.9396
42.6751 83.7546
38.6273 82.8365
36.3623 81.671
34.3062 80.8203
27.7058 80.4636
---------------------------
36
167.018 64.112
160.866 64.9942
153.75 68.4538
149.269 69.6052
144.975 70.7093
137.475 73.0967
133.292 73.885
125.227 72.3
95.9142 59.9339
94.1827 61.163
90.6138 61.1198
86.8075 63.0694
83.0581 62.5888
79.3527 61.9971
76.7043 62.1139
73.5087 63.9002
71.0446 63.9689
69.5517 64.858
68.8722 68.8722
65.6452 67.9776
63.0166 67.5771
58.6517 67.471
56.1154 66.8757
54.625 67.4563
53.1316 68.0053
50.4908 69.4946
49.0981 70.1194
48.3143 71.6288
47.126 78.4308
46.9296 84.6632
43.1291 84.6456
40.7685 83.5878
38.2047 81.9302
33.9545 79.9919
32.366 80.1087
30.8196 80.2879
---------------------------
38
165.244 63.4311
157.775 66.9713
153.658 68.4131
149.722 69.8165
142.472 72.5931
137.652 73.1906
129.968 72.0427
122.023 70.45
112.197 70.1083
90.6603 58.8755
85.7652 60.0535
84.1378 61.1297
80.6622 60.7833
78.2495 61.1352
74.6127 62.6075
72.1502 62.7192
69.8556 62.8983
66.3231 64.0475
64.9831 64.9831
63.8391 66.1073
60.1548 66.8087
57.6676 66.339
55.794 66.4927
53.8698 66.5237
51.2145 67.9639
49.4327 68.0383
48.8114 69.7098
46.7845 72.0418
46.5269 74.4586
46.6109 77.5736
47.3 81.926
46.1054 83.1763
42.6751 83.7546
40.0671 82.1498
37.7821 81.0239
33.7592 79.5316
33.0778 81.8703
27.5431 79.9909
---------------------------
38
168.698 64.7571
161.886 65.4063
156.118 66.268
151.923 67.6403
146.414 71.4107
140.69 71.6851
134.65 71.5944
125.227 72.3
116.146 69.7877
95.4407 61.9799
89.5361 60.3928
81.8333 57.3003
79.3045 59.7602
76.2794 59.596
75.0723 60.7924
73.6935 61.8362
69.8556 62.8983
67.2845 62.7439
65.7477 63.4918
62.8666 65.1003
61.6527 66.1144
58.7497 65.2481
56.8803 65.4333
53.8698 66.5237
52.2081 66.8233
50.4321 66.9257
48.0657 68.6449
47.3636 70.2195
46.7845 72.0418
47.1098 75.3915
46.25 80.1074
46.6872 84.2259
44.5998 83.88
42.4481 83.3091
38.3737 82.2927
35.7115 80.2093
33.7592 79.5316
27.3803 79.5181
---------------------------
34
166.551 63.9328
159.29 64.3574
153.476 68.3318
149.722 69.8165
143.268 69.8764
137.21 72.9559
129.794 71.9457
121.157 69.95
111.434 69.6314
95.3568 61.9255
84.1269 58.9063
80.8208 58.7197
77.2281 58.1955
76.7523 59.9654
73.7701 61.9005
71.3201 61.9976
69.0382 62.1622
65.7477 63.4918
63.7103 63.7103
62.7971 65.0283
60.6297 65.0173
57.274 65.8861
55.1512 65.7266
53.681 66.2906
50.9737 67.6444
49.5503 68.2001
48.3525 69.0545
46.4032 71.4547
46.2504 76.9736
44.8815 84.4098
42.9021 84.2001
40.2863 82.5992
36.7283 82.4932
32.8905 81.4067
---------------------------
37
167.391 64.2554
161.886 65.4063
156.21 66.3071
150.735 67.1115
148.121 72.2436
139.532 71.0949
134.738 71.6414
125.141 72.25
115.203 69.2211
95.4407 61.9799
88.9557 60.0014
81.6695 57.1856
78.7455 59.339
76.1218 59.4729
75.3054 60.9811
72.2257 62.7848
69.5584 62.6306
67.2845 62.7439
65.388 63.1444
62.7971 65.0283
61.3117 65.7487
59.1511 65.694
55.794 66.4927
53.8698 66.5237
52.3928 67.0597
50.6126 67.1652
48.4672 69.2183
47.3077 70.1366
46.839 72.1257
46.0444 76.6308
46.95 81.3198
46.6387 84.1384
44.5998 83.88
40.9877 84.0372
38.416 82.3834
35.5081 79.7525
27.5756 80.0854
---------------------------
38
169.165 64.9363
162.535 65.6685
156.578 66.4634
151.923 67.6403
147.852 72.1121
140.957 71.8213
134.826 71.6883
126.353 72.95
117.861 70.8177
110.501 69.0485
89.4532 60.3369
83.6354 58.5622
81.7107 59.3663
76.6734 59.9039
75.7717 61.3587
73.2338 61.4505
69.8556 62.8983
67.9428 63.3577
65.7477 63.4918
62.5193 64.7406
61.6527 66.1144
58.7497 65.2481
57.0115 65.5843
53.9328 66.6014
52.6391 67.3749
50.4321 66.9257
48.3525 69.0545
47.2518 70.0537
46.839 72.1257
47.1098 75.3915
45.7 79.1547
46.6387 84.1384
44.8345 84.3215
42.9021 84.2001
38.6273 82.8365
36.3623 81.671
34.1108 80.3601
32.4035 80.2014
---------------------------
38
163.555 66.0806
157.682 66.9322
152.105 67.7217
149.45 69.6898
141.046 71.8667
136.151 72.3925
128.657 71.3155
118.803 71.3843
111.264 69.5254
94.9248 64.0276
83.7173 58.6195
81.2253 59.0136
77.2251 60.3348
76.1603 61.6734
73.6935 61.8362
70.2272 63.2328
68.0159 63.4258
66.1073 63.8391
62.7971 65.0283
61.6527 66.1144
59.4857 66.0656
57.3396 65.9616
54.0586 66.7568
52.5159 67.2173
50.5525 67.0854
50.0205 68.8473
47.4196 70.3024
46.7845 72.0418
46.7919 74.8827
45.4 78.6351
47.2205 85.188
45.1632 84.9396
42.9475 84.2892
38.8386 83.2897
36.525 82.0364
34.3062 80.8203
32.5159 80.4796
29.6873 81.5653
---------------------------
36
166.924 64.0762
158.051 67.0885
153.658 68.4131
149.722 69.8165
142.383 72.5477
137.563 73.1437
129.968 72.0427
122.976 71
112.451 70.2673
96.1116 62.4156
86.912 60.8565
81.3062 59.0724
78.2663 58.9779
76.238 61.7363
74.3063 62.3504
71.6974 62.3256
69.484 62.5637
66.1073 63.8391
64.2053 64.2053
63.1444 65.388
60.0879 66.7344
57.602 66.2635
55.6654 66.3394
52.7006 67.4537
51.2145 67.9639
50.0205 68.8473
48.8114 69.7098
46.7845 72.0418
46.6109 77.5736
45.6796 85.9108
43.4015 85.1802
40.7685 83.5878
38.2047 81.9302
34.3062 80.8203
32.7032 80.9432
30.963 80.6614
---------------------------
38
168.511 64.6854
162.35 65.5936
156.21 66.3071
151.923 67.6403
146.863 71.6298
139.888 71.2765
134.65 71.5944
126.093 72.8
117.003 70.3027
110.416 68.9955
88.9557 60.0014
83.2258 58.2754
81.1414 61.1444
76.831 60.027
75.7717 61.3587
73.6169 61.7719
70.2272 63.2328
68.0159 63.4258
66.1793 63.9086
63.4918 65.7477
61.8573 66.3338
59.8203 66.4371
56.1796 66.9523
54.2474 66.99
52.6391 67.3749
51.2145 67.9639
48.9261 69.8737
47.811 70.8827
47.2747 72.7966
47.9047 76.6636
47.25 81.8394
47.9962 86.5873
45.4448 85.4693
41.6453 85.3854
38.6273 82.8365
36.3623 81.671
34.5406 81.3726
27.9663 81.22
---------------------------
35
163.833 66.193
157.959 67.0495
152.288 67.803
149.45 69.6898
141.937 72.3207
136.239 72.4395
129.881 71.9942
119.832 72.0023
111.434 69.6314
90.1164 60.7843
83.2258 58.2754
82.1961 59.719
77.2251 60.3348
76.7043 62.1139
74.6127 62.6075
71.7729 62.3912
68.4547 63.835
66.3951 64.117
64.9831 64.9831
62.4028 66.9189
60.1548 66.8087
57.9956 66.7163
55.6011 66.2628
53.1316 68.0053
51.4552 68.2833
50.1381 69.0092
48.0347 71.2143
47.2747 72.7966
47.4278 75.9003
47.5895 79.2023
44.6727 87.675
40.5493 83.1385
36.769 82.5845
34.5406 81.3726
32.5159 80.4796
---------------------------
34
167.204 64.1837
158.143 67.1276
153.841 68.4945
150.628 70.2392
143.627 70.0517
137.298 73.0028
131.018 72.6245
122.196 70.55
113.13 70.6912
93.4279 60.6728
84.1269 58.9063
83.086 60.3655
78.7455 59.339
77.5592 62.8062
74.4595 62.479
72.6785 63.1785
69.9299 62.9652
66.6109 64.3254
66.0438 66.0438
64.2559 66.5389
60.7571 67.4776
57.9956 66.7163
56.1796 66.9523
54.3733 67.1454
51.5154 68.3632
50.2556 69.171
49.2702 70.3652
47.2747 72.7966
47.4278 75.9003
48.4 83.8313
41.1631 84.3968
36.769 82.5845
34.5406 81.3726
30.8196 80.2879
---------------------------
32
167.204 64.1837
161.886 65.4063
156.302 66.3462
150.81 70.3237
146.054 71.2353
139.621 71.1403
133.38 73.9335
124.361 71.8
115.203 69.2211
94.8536 61.5987
89.1215 60.1132
84.0569 61.0709
81.94 61.7462
79.1163 61.8124
75.7717 61.3587
72.754 63.2441
70.5988 63.5674
68.089 63.494
66.1145 66.1145
64.6032 66.8986
62.3347 66.8457
60.824 67.5519
56.1796 66.9523
54.3104 67.0677
52.8853 67.6901
50.2556 69.171
49.2702 70.3652
48.3143 71.6288
48.4184 74.5578
41.2069 84.4866
38.416 82.3834
34.736 81.8329
---------------------------
32
168.605 64.7213
162.257 65.5562
156.486 66.4243
152.105 67.7217
147.852 72.1121
139.977 71.3219
134.826 71.6883
126.353 72.95
117.775 70.7662
88.4583 59.6659
84.1269 58.9063
83.086 60.3655
79.5891 62.1818
76.6266 62.051
73.9999 62.0933
70.6731 63.6343
68.4547 63.835
66.8267 64.5338
64.9506 67.2583
62.3347 66.8457
60.824 67.5519
56.2439 67.0289
54.625 67.4563
53.1932 68.0841
51.4552 68.2833
49.2702 70.3652
48.2584 71.5459
48.1461 74.1385
48.2227 77.1724
38.8386 83.2897
36.3623 81.671
34.3062 80.8203
---------------------------
34
165.244 63.4311
157.775 66.9713
153.293 68.2504
150.719 70.2814
142.294 72.5023
136.239 72.4395
129.619 71.8488
119.746 71.9508
111.434 69.6314
90.6603 58.8755
85.6833 59.9961
83.6524 60.777
80.6622 60.7833
77.1706 62.4915
74.2297 62.2861
72.6031 63.1129
69.8556 62.8983
67.1863 64.8811
66.468 66.468
64.6032 66.8986
60.824 67.5519
57.7332 66.4144
55.7297 66.4161
53.501 68.4781
51.6959 68.6028
50.3144 69.2519
49.3276 70.4471
47.6015 73.2998
47.9047 76.6636
48.4136 80.5737
40.5055 83.0486
36.5656 82.1277
34.3062 80.8203
32.7032 80.9432
---------------------------
33
167.298 64.2195
160.866 64.9942
156.026 66.2289
150.719 70.2814
146.414 71.4107
139.71 71.1857
133.467 73.982
124.361 71.8
114.518 68.8091
94.0988 61.1085
88.5412 59.7218
83.7333 60.8358
81.5407 61.4453
78.7223 61.5046
76.0826 61.6105
72.6785 63.1785
70.0786 63.099
68.3816 63.7668
66.1145 66.1145
65.2979 67.6179
62.3347 66.8457
60.0879 66.7344
56.0511 66.7991
54.625 67.4563
53.1316 68.0053
50.3144 69.2519
49.2702 70.3652
48.5939 72.0434
48.6907 74.9771
48.4 83.8313
41.4261 84.936
38.0356 81.5677
35.9555 80.7574
---------------------------
33
169.708 61.7688
162.35 65.5936
156.67 66.5024
152.105 67.7217
148.211 72.2874
141.135 71.9121
135.797 72.2047
127.133 73.4
117.861 70.8177
95.8294 59.8809
89.5361 60.3928
86.7482 60.7417
83.5715 60.7182
79.1163 61.8124
76.5489 61.9881
73.9233 62.029
71.0446 63.9689
68.601 63.9715
67.6179 65.2979
66.468 66.468
62.6756 67.2114
61.4931 68.295
57.274 65.8861
54.6879 67.534
53.501 68.4781
51.5154 68.3632
49.0981 70.1194
48.2584 71.5459
48.1461 74.1385
48.4346 77.5116
38.8386 83.2897
36.3623 81.671
34.1499 80.4521
---------------------------
32
163.648 66.1181
157.775 66.9713
152.197 67.7623
148.481 72.4189
142.026 72.3661
136.239 72.4395
129.706 71.8973
118.803 71.3843
95.8294 59.8809
89.5361 60.3928
87.4035 61.2006
83.5715 60.7182
79.5891 62.1818
77.0929 62.4286
73.9999 62.0933
72.6031 63.1129
68.7472 64.1078
67.6179 65.2979
66.468 66.468
62.7438 67.2845
61.8277 68.6666
57.4052 66.0371
54.6879 67.534
53.4394 68.3993
51.6959 68.6028
50.3144 69.2519
48.2584 71.5459
47.8193 73.6353
40.2863 82.5992
36.3623 81.671
34.1108 80.3601
32.7032 80.9432
---------------------------
32
165.617 63.5745
157.959 67.0495
153.476 68.3318
151.807 70.7886
142.472 72.5931
137.563 73.1437
129.794 71.9457
121.244 70
112.282 70.1613
90.5764 58.821
87.4035 61.2006
84.0569 61.0709
81.1414 61.1444
78.7223 61.5046
74.6127 62.6075
72.3766 62.9161
69.707 62.7645
67.6179 65.2979
66.8216 66.8216
64.5338 66.8267
61.8946 68.7409
57.9956 66.7163
55.8582 66.5693
54.6879 67.534
51.9366 68.9222
50.4908 69.4946
49.4996 70.6928
47.6015 73.2998
48.4136 80.5737
49.2006 92.5329
40.7247 83.498
36.5656 82.1277
---------------------------
33
167.391 64.2554
160.866 64.9942
156.026 66.2289
150.719 70.2814
144.167 70.3147
139.621 71.1403
132.155 73.2547
124.101 71.65
114.346 68.7061
91.5828 59.4746
89.0386 60.0573
85.6749 62.2465
81.5407 61.4453
79.0375 61.7509
75.7717 61.3587
72.6785 63.1785
70.2272 63.2328
68.3084 63.6987
67.1751 67.1751
65.2979 67.6179
62.4028 66.9189
59.4857 66.0656
55.9225 66.6459
54.625 67.4563
53.1932 68.0841
50.3144 69.2519
49.4996 70.6928
48.5379 71.9605
48.9631 75.3965
47.538 79.1165
40.9439 83.9474
37.9934 81.4771
34.5406 81.3726
---------------------------
33
169.615 61.7346
162.35 65.5936
156.394 66.3852
152.288 67.803
146.863 71.6298
140.957 71.8213
134.561 71.5475
126.267 72.9
117.003 70.3027
95.9142 59.9339
88.5412 59.7218
85.7652 60.0535
83.5715 60.7182
79.1163 61.8124
76.1603 61.6734
73.6169 61.7719
70.5988 63.5674
68.3816 63.7668
67.6899 65.3674
64.8811 67.1863
63.0166 67.5771
61.8277 68.6666
57.274 65.8861
54.625 67.4563
53.4394 68.3993
51.5154 68.3632
50.4908 69.4946
48.3143 71.6288
48.4184 74.5578
48.4346 77.5116
38.416 82.3834
35.9555 80.7574
34.1499 80.4521
---------------------------
33
165.711 63.6103
159.29 64.3574
153.658 68.4131
149.541 69.732
143.807 70.1394
137.563 73.1437
129.881 71.9942
121.33 70.05
112.197 70.1083
90.6603 58.8755
86.3386 60.455
84.0569 61.0709
81.2212 61.2046
78.2495 61.1352
74.6127 62.6075
72.6785 63.1785
69.707 62.7645
66.8986 64.6032
66.8216 66.8216
64.6032 66.8986
60.824 67.5519
57.9956 66.7163
55.794 66.4927
54.3733 67.1454
51.6959 68.6028
50.3144 69.2519
49.4996 70.6928
48.8735 72.4579
48.1046 80.0594
50.3717 90.873
40.9877 84.0372
37.9934 81.4771
32.366 80.1087
---------------------------
32
163.843 62.8936
157.867 67.0104
152.197 67.7623
149.631 69.7743
141.135 71.9121
136.327 72.4864
128.744 71.364
118.889 71.4358
89.5361 60.3928
85.7652 60.0535
83.5715 60.7182
80.6622 60.7833
76.6266 62.051
74.1531 62.2218
72.1502 62.7192
68.4547 63.835
67.2583 64.9506
66.468 66.468
63.0166 67.5771
61.1585 67.9234
57.4052 66.0371
55.794 66.4927
53.1316 68.0053
51.6959 68.6028
50.3732 69.3328
48.2584 71.5459
48.1461 74.1385
48.1697 77.0876
40.4617 82.9587
36.3216 81.5796
34.1108 80.3601
32.366 80.1087
---------------------------
34
167.391 64.2554
161.886 65.4063
155.473 65.9945
150.719 70.2814
146.234 71.323
139.086 70.8679
133.38 73.9335
125.141 72.25
115.289 69.2726
94.0988 61.1085
88.4583 59.6659
86.2567 60.3976
81.5407 61.4453
78.9587 61.6893
76.1603 61.6734
72.6031 63.1129
70.3015 63.2998
68.089 63.494
67.6179 65.2979
64.9506 67.2583
62.3347 66.8457
60.4225 67.106
56.1796 66.9523
54.3104 67.0677
52.8853 67.6901
50.2556 69.171
49.1555 70.2013
48.5379 71.9605
48.6907 74.9771
48.1 83.3116
41.4261 84.936
38.0356 81.5677
35.7115 80.2093
34.1499 80.4521
---------------------------
34
165.43 63.5028
157.775 66.9713
152.379 67.8437
149.722 69.8165
142.205 72.4569
136.151 72.3925
128.831 71.4125
118.975 71.4873
111.434 69.6314
90.5764 58.821
85.6833 59.9961
83.5715 60.7182
80.7421 60.8435
76.6266 62.051
74.6127 62.6075
72.1502 62.7192
68.601 63.9715
66.8267 64.5338
66.468 66.468
64.1864 66.467
61.1585 67.9234
57.602 66.2635
55.794 66.4927
53.1932 68.0841
51.4552 68.2833
50.2556 69.171
48.0347 71.2143
47.8193 73.6353
48.1167 77.0028
48.7226 81.088
40.5055 83.0486
36.3216 81.5796
34.3062 80.8203
32.4035 80.2014
---------------------------
31
167.204 64.1837
161.052 65.0692
154.755 68.9012
150.719 70.2814
143.807 70.1394
137.387 73.0498
131.893 73.1093
123.235 71.15
114.432 68.7576
90.5764 58.821
87.3806 58.9389
85.2704 61.9526
81.1414 61.1444
78.6435 61.443
75.7717 61.3587
72.4521 62.9817
69.7813 62.8314
68.3084 63.6987
66.8216 66.8216
64.8811 67.1863
62.0619 66.5532
57.9956 66.7163
55.7297 66.4161
54.3733 67.1454
53.1316 68.0053
50.3144 69.2519
49.1555 70.2013
48.8175 72.375
40.9877 84.0372
37.9934 81.4771
35.7115 80.2093
---------------------------
32
168.418 64.6496
161.886 65.4063
156.118 66.268
150.719 70.2814
146.414 71.4107
138.997 70.8225
134.738 71.6414
125.227 72.3
115.975 69.6847
94.7698 61.5442
88.5412 59.7218
85.7652 60.0535
81.94 61.7462
79.1163 61.8124
75.9272 61.4846
73.6935 61.8362
70.3015 63.2998
68.3084 63.6987
67.6179 65.2979
64.9506 67.2583
62.4028 66.9189
61.7608 68.5923
55.9225 66.6459
54.3733 67.1454
52.9469 67.7689
51.5154 68.3632
49.0981 70.1194
48.3143 71.6288
48.6907 74.9771
48.9645 78.3596
38.3737 82.2927
36.1589 81.2142
---------------------------
33
168.418 64.6496
162.164 65.5187
156.302 66.3462
152.105 67.7217
146.773 71.586
139.977 71.3219
134.65 71.5944
126.093 72.8
117.003 70.3027
95.4407 61.9799
88.5412 59.7218
85.6833 59.9961
81.94 61.7462
78.9587 61.6893
76.1603 61.6734
73.7701 61.9005
70.6731 63.6343
68.3084 63.6987
67.9776 65.6452
64.6032 66.8986
62.6756 67.2114
61.8277 68.6666
56.1154 66.8757
54.3733 67.1454
53.1932 68.0841
51.6959 68.6028
49.2129 70.2832
48.3143 71.6288
48.4184 74.5578
48.6996 77.9356
38.3737 82.2927
36.1182 81.1228
34.1499 80.4521
---------------------------
34
170.93 62.2135
162.535 65.6685
157.682 66.9322
152.197 67.7623
148.211 72.2874
141.046 71.8667
136.062 72.3456
128.394 71.1701
118.032 70.9207
95.8294 59.8809
89.5361 60.3928
85.6833 59.9961
83.5715 60.7182
79.3527 61.9971
76.5489 61.9881
73.8467 61.9647
71.0446 63.9689
68.601 63.9715
67.6179 65.2979
66.468 66.468
63.0166 67.5771
61.8277 68.6666
57.5364 66.188
54.3104 67.0677
53.7472 68.7933
51.6959 68.6028
50.4908 69.4946
48.3143 71.6288
48.1461 74.1385
46.9426 92.1301
38.7964 83.1991
36.1589 81.2142
34.1108 80.3601
32.4035 80.2014
---------------------------
33
166.737 64.0045
158.235 67.1667
153.658 68.4131
149.722 69.8165
143.807 70.1394
137.563 73.1437
129.968 72.0427
121.33 70.05
112.197 70.1083
90.5764 58.821
86.8301 60.7991
84.7041 61.5411
81.1414 61.1444
78.6435 61.443
74.6127 62.6075
72.0748 62.6536
69.7813 62.8314
67.2583 64.9506
67.5287 67.5287
64.9506 67.2583
61.4931 68.295
58.258 67.0182
55.9225 66.6459
54.625 67.4563
51.9366 68.9222
50.4908 69.4946
49.4996 70.6928
49.0971 72.7895
48.4136 80.5737
51.0989 92.1849
47.2604 92.7538
40.6808 83.4081
37.9934 81.4771
---------------------------
33
167.298 64.2195
160.774 64.9568
154.846 68.9419
150.719 70.2814
143.897 70.1832
137.298 73.0028
131.893 73.1093
123.235 71.15
113.832 68.3971
90.5764 58.821
88.4583 59.6659
85.8367 62.364
81.5407 61.4453
79.0375 61.7509
74.6127 62.6075
72.6785 63.1785
70.0786 63.099
68.3816 63.7668
66.5387 66.5387
65.2979 67.6179
63.0166 67.5771
58.258 67.0182
56.1796 66.9523
54.9397 67.8448
52.2375 69.3216
50.432 69.4137
49.4996 70.6928
49.0971 72.7895
47.9047 76.6636
50.3717 90.873
40.9439 83.9474
37.9934 81.4771
34.5016 81.2806
---------------------------
33
167.484 64.2912
162.072 65.4812
155.289 65.9163
150.81 70.3237
146.503 71.4545
139.71 71.1857
134.65 71.5944
125.314 72.35
115.289 69.2726
94.7698 61.5442
88.4583 59.6659
86.8301 60.7991
83.5715 60.7182
79.5103 62.1202
76.1603 61.6734
73.7701 61.9005
70.6731 63.6343
68.4547 63.835
68.7689 66.4093
65.6452 67.9776
63.0166 67.5771
62.1622 69.0382
56.2439 67.0289
55.0026 67.9226
53.9935 69.1085
51.5154 68.3632
49.4996 70.6928
48.8735 72.4579
48.9086 75.3126
49.2825 78.8685
38.416 82.3834
36.1182 81.1228
34.1499 80.4521
---------------------------
33
165.15 63.3953
157.59 66.8932
152.288 67.803
149.541 69.732
142.205 72.4569
135.886 72.2517
129.706 71.8973
118.975 71.4873
96.3383 60.1988
90.6603 58.8755
87.4035 61.2006
83.6524 60.777
80.5025 60.663
77.0929 62.4286
74.6127 62.6075
72.6031 63.1129
68.6741 64.0396
68.0495 65.7147
67.1751 67.1751
63.6986 68.3084
63.2328 70.2272
57.9956 66.7163
56.1796 66.9523
54.3629 69.5814
51.9968 69.0021
50.7259 69.8182
49.8438 71.1843
48.6907 74.9771
48.4346 77.5116
40.5055 83.0486
36.525 82.0364
34.3062 80.8203
32.7032 80.9432
---------------------------
35
167.204 64.1837
160.588 64.8819
154.846 68.9419
150.81 70.3237
143.807 70.1394
138.908 70.7771
131.805 73.0608
123.062 71.05
114.346 68.7061
90.6603 58.8755
88.4583 59.6659
85.2704 61.9526
81.5407 61.4453
79.0375 61.7509
74.6127 62.6075
72.6785 63.1785
70.3015 63.2998
69.1861 64.517
70.4985 70.4985
65.6452 67.9776
64.1078 68.7472
58.6517 67.471
56.4368 67.2587
55.9466 69.0883
53.7472 68.7933
50.4908 69.4946
49.7291 71.0205
49.1531 72.8724
48.4136 80.5737
51.1474 92.2724
49.4354 92.9744
40.9877 84.0372
37.9934 81.4771
34.5016 81.2806
30.963 80.6614
---------------------------
35
168.885 64.8288
162.257 65.5562
156.486 66.4243
152.105 67.7217
147.852 72.1121
139.977 71.3219
134.561 71.5475
126.18 72.85
117.175 70.4057
95.9142 59.9339
89.619 60.4488
87.4035 61.2006
83.5715 60.7182
79.1163 61.8124
77.0929 62.4286
74.1531 62.2218
71.119 64.0358
68.9667 64.3124
71.2866 68.8406
67.1751 67.1751
64.4488 69.1129
61.8946 68.7409
57.9956 66.7163
55.2543 68.2334
54.4245 69.6602
51.9366 68.9222
50.7259 69.8182
49.0971 72.7895
48.6907 74.9771
49.2825 78.8685
48.35 94.8922
38.6273 82.8365
36.3216 81.5796
34.3062 80.8203
30.963 80.6614
---------------------------
36
167.111 64.1479
159.383 64.3949
154.755 68.9012
150.719 70.2814
143.717 70.0955
137.475 73.0967
130.931 72.576
122.196 70.55
113.214 70.7442
90.5764 58.821
87.4035 61.2006
85.2704 61.9526
81.4608 61.3851
78.6435 61.443
75.0724 62.9932
72.5276 63.0473
70.3015 63.2998
69.9174 65.199
72.0542 72.0542
69.2574 71.7182
64.4488 69.1129
58.6517 67.471
56.4368 67.2587
56.1983 69.3991
52.5986 69.8007
50.7259 69.8182
49.7864 71.1024
49.6563 73.6185
48.9801 81.5166
52.0201 93.8467
47.8052 93.823
40.9439 83.9474
37.9934 81.4771
34.5406 81.3726
32.5533 80.5723
30.8196 80.2879
---------------------------
36
168.511 64.6854
162.257 65.5562
156.394 66.3852
152.105 67.7217
147.762 72.0682
139.888 71.2765
134.738 71.6414
126.267 72.9
116.918 70.2512
94.7698 61.5442
89.5361 60.3928
87.895 61.5448
82.499 62.1675
79.1951 61.874
76.7043 62.1139
74.6127 62.6075
71.119 64.0358
69.4786 64.7898
72.6533 70.1605
66.4093 68.7689
67.6542 72.5503
61.8946 68.7409
57.9956 66.7163
56.1983 69.3991
54.6707 69.9754
51.9366 68.9222
49.6717 70.9386
49.1531 72.8724
49.2354 75.8158
49.5475 79.2925
49.55 85.8231
50.4202 90.9604
38.6273 82.8365
36.3216 81.5796
34.5016 81.2806
30.963 80.6614
---------------------------
36
162.813 65.7809
156.854 66.5806
152.105 67.7217
149.631 69.7743
141.135 71.9121
136.239 72.4395
128.919 71.4609
118.718 71.3328
95.8294 59.8809
89.5361 60.3928
87.9769 61.6021
83.6524 60.777
79.5891 62.1818
77.0929 62.4286
74.9958 62.9289
72.6031 63.1129
69.1129 64.4488
72.6533 70.1605
72.1956 72.1956
69.7437 72.2217
62.5637 69.484
57.93 66.6409
56.2439 67.0289
54.6707 69.9754
52.2375 69.3216
50.8434 69.98
49.0971 72.7895
48.6907 74.9771
49.2295 78.7837
50.1132 83.4024
51.65 89.4604
48.3954 94.9813
40.3301 82.689
36.525 82.0364
34.3062 80.8203
32.4035 80.2014
---------------------------
33
165.617 63.5745
159.383 64.3949
153.567 68.3724
150.719 70.2814
143.627 70.0517
137.563 73.1437
129.881 71.9942
121.244 70
90.6603 58.8755
89.5361 60.3928
84.7041 61.5411
81.5407 61.4453
78.7223 61.5046
74.6893 62.6718
72.4521 62.9817
70.6731 63.6343
70.9269 68.4933
71.7006 71.7006
70.1605 72.6533
64.1078 68.7472
58.6517 67.471
57.7223 68.7908
56.2612 69.4769
52.5986 69.8007
50.961 70.1418
49.9011 71.2662
48.6907 74.9771
48.3046 94.8031
40.9877 84.0372
36.769 82.5845
34.5016 81.2806
32.5159 80.4796
30.963 80.6614
---------------------------
38
168.511 64.6854
161.979 65.4438
155.381 65.9554
150.81 70.3237
146.324 71.3668
139.71 71.1857
133.554 74.0304
124.188 71.7
114.432 68.7576
91.0796 59.1478
89.5361 60.3928
87.3216 61.1432
82.9782 62.5286
78.9587 61.6893
76.6266 62.051
73.0559 63.5065
71.0446 63.9689
69.5517 64.858
73.1569 70.6468
70.5078 73.013
66.0174 70.795
60.0879 66.7344
57.1438 68.1014
56.2612 69.4769
54.4245 69.6602
50.7259 69.8182
49.7864 71.1024
49.3208 73.1211
49.5077 76.2352
49.8124 79.7165
50.7596 91.5727
48.825 91.8266
41.4699 85.0259
38.2047 81.9302
36.1182 81.1228
32.5533 80.5723
30.963 80.6614
29.2769 80.4377
---------------------------
35
170.272 61.9741
162.35 65.5936
157.59 66.8932
152.105 67.7217
148.211 72.2874
141.046 71.8667
134.738 71.6414
126.44 73
117.003 70.3027
95.9142 59.9339
89.5361 60.3928
87.895 61.5448
84.0569 61.0709
79.1163 61.8124
76.7043 62.1139
75.0724 62.9932
71.4905 64.3704
69.4786 64.7898
73.013 70.5078
71.5592 71.5592
67.6542 72.5503
61.8277 68.6666
57.9956 66.7163
57.394 70.8757
55.0401 70.4482
52.2375 69.3216
49.7291 71.0205
49.0971 72.7895
49.2354 75.8158
49.4945 79.2077
48.6678 95.5159
38.6273 82.8365
36.1589 81.2142
34.3062 80.8203
30.9272 80.568
---------------------------
32
165.43 63.5028
157.775 66.9713
153.293 68.2504
149.813 69.8588
142.205 72.4569
136.062 72.3456
129.794 71.9457
119.746 71.9508
95.8294 59.8809
90.6603 58.8755
88.4684 61.9463
83.5715 60.7182
81.1414 61.1444
77.5592 62.8062
74.8425 62.8004
72.4521 62.9817
69.4786 64.7898
72.8691 70.3689
71.842 71.842
69.7437 72.2217
58.258 67.0182
55.0401 70.4482
52.5986 69.8007
51.0198 70.2227
49.9011 71.2662
48.7526 78.0204
51.05 88.4212
47.5328 93.2884
40.5055 83.0486
36.3623 81.671
34.3062 80.8203
32.366 80.1087
---------------------------
36
167.484 64.2912
162.164 65.5187
156.394 66.3852
152.197 67.7623
146.863 71.6298
139.799 71.2311
134.561 71.5475
125.4 72.4
116.146 69.7877
92.2538 59.9103
89.619 60.4488
87.3216 61.1432
83.5715 60.7182
79.1951 61.874
76.7043 62.1139
74.6127 62.6075
71.0446 63.9689
69.5517 64.858
73.1569 70.6468
71.4885 71.4885
67.245 72.1115
61.4931 68.295
57.9956 66.7163
56.5759 69.8654
54.7323 70.0542
51.9366 68.9222
49.6144 70.8567
49.0971 72.7895
49.2354 75.8158
49.7594 79.6317
50.4202 90.9604
38.3737 82.2927
36.1182 81.1228
33.9545 79.9919
30.8196 80.2879
29.1401 80.0618
---------------------------
35
166.924 64.0762
160.403 64.8069
154.663 68.8605
150.81 70.3237
143.807 70.1394
137.475 73.0967
130.931 72.576
122.11 70.5
97.1015 60.6758
91.1635 59.2023
90.1164 60.7843
85.1895 61.8938
81.5407 61.4453
78.6435 61.443
74.6893 62.6718
72.6785 63.1785
70.3015 63.2998
72.0383 67.1768
71.4885 71.4885
70.1605 72.6533
63.7668 68.3816
58.6517 67.471
57.0795 68.0247
56.2612 69.4769
52.8394 70.1202
50.8434 69.98
49.7291 71.0205
49.7122 73.7014
48.9801 81.5166
47.0334 92.3083
40.5055 83.0486
37.9511 81.3864
34.5016 81.2806
32.366 80.1087
30.7838 80.1946
---------------------------
36
168.325 64.6137
162.072 65.4812
156.118 66.268
150.719 70.2814
144.346 70.4024
139.71 71.1857
133.205 73.8365
125.054 72.2
115.118 69.1696
91.1635 59.2023
89.619 60.4488
86.7482 60.7417
82.499 62.1675
78.9587 61.6893
76.1603 61.6734
73.0559 63.5065
71.119 64.0358
69.4786 64.7898
72.7972 70.2994
70.1605 72.6533
65.199 69.9174
59.8203 66.4371
57.1438 68.1014
56.3242 69.5546
54.4245 69.6602
50.7259 69.8182
49.7864 71.1024
49.209 72.9553
49.5077 76.2352
51.1474 92.2724
49.1537 92.4446
40.9439 83.9474
37.9934 81.4771
35.7115 80.2093
32.366 80.1087
30.963 80.6614
---------------------------
37
167.578 64.327
161.886 65.4063
156.026 66.2289
150.719 70.2814
146.414 71.4107
139.799 71.2311
133.292 73.885
125.141 72.25
115.203 69.2211
91.1635 59.2023
89.5361 60.3928
86.8301 60.7991
82.499 62.1675
79.2739 61.9355
76.6266 62.051
73.5087 63.9002
71.119 64.0358
69.9174 65.199
73.0849 70.5773
70.23 72.7253
65.6082 70.3562
60.0879 66.7344
57.1438 68.1014
56.5759 69.8654
54.3629 69.5814
51.0198 70.2227
49.7291 71.0205
49.209 72.9553
49.5077 76.2352
50.7596 91.5727
48.825 91.8266
41.4261 84.936
37.9511 81.3864
35.9148 80.6661
32.366 80.1087
30.963 80.6614
29.3795 80.7196
---------------------------
33
167.578 64.327
161.052 65.0692
155.473 65.9945
150.81 70.3237
148.121 72.2436
139.621 71.1403
133.205 73.8365
124.275 71.75
115.289 69.2726
91.1635 59.2023
89.5361 60.3928
86.8301 60.7991
82.5789 62.2277
78.9587 61.6893
76.1603 61.6734
73.0559 63.5065
71.0446 63.9689
70.3562 65.6082
72.8691 70.3689
70.23 72.7253
65.199 69.9174
60.0879 66.7344
57.1438 68.1014
56.513 69.7877
54.4245 69.6602
50.7259 69.8182
49.7291 71.0205
49.4327 73.2869
49.5077 76.2352
40.9877 84.0372
38.1624 81.8396
35.9148 80.6661
32.5159 80.4796
---------------------------
34
167.204 64.1837
160.959 65.0317
156.026 66.2289
150.719 70.2814
146.234 71.323
139.443 71.0495
132.068 73.2063
122.369 70.65
98.2314 59.0234
91.6667 59.529
89.5361 60.3928
86.8301 60.7991
82.0199 61.8064
78.8011 61.5661
76.1603 61.6734
73.0559 63.5065
71.0446 63.9689
69.9174 65.199
73.2288 70.7162
70.5773 73.0849
64.3806 69.0398
58.9141 67.7729
56.4368 67.2587
54.0551 69.1873
50.432 69.4137
49.4996 70.6928
49.0971 72.7895
49.2354 75.8158
41.1631 84.3968
38.416 82.3834
36.1589 81.2142
32.7032 80.9432
30.963 80.6614
29.2769 80.4377
---------------------------
37
167.204 64.1837
161.052 65.0692
156.118 66.268
150.991 70.4082
146.503 71.4545
139.621 71.1403
133.205 73.8365
124.015 71.6
94.6422 59.139
91.6667 59.529
89.4532 60.3369
85.6749 62.2465
82.499 62.1675
78.9587 61.6893
75.0724 62.9932
73.0559 63.5065
71.0446 63.9689
69.9174 65.199
73.7323 71.2025
70.5078 73.013
65.9492 70.7219
61.8277 68.6666
56.2439 67.0289
54.6879 67.534
54.0551 69.1873
50.4908 69.4946
49.3276 70.4471
48.8735 72.4579
49.2354 75.8158
47.95 79.8023
48.75 84.4375
48.0446 86.6748
44.8815 84.4098
41.3822 84.8462
38.3737 82.2927
36.3623 81.671
32.8905 81.4067
---------------------------
35
167.391 64.2554
162.072 65.4812
156.578 66.4634
151.172 70.4927
148.031 72.1997
141.225 71.9575
134.65 71.5944
125.054 72.2
95.7456 57.5298
94.2666 61.2174
89.5361 60.3928
87.9769 61.6021
82.5789 62.2277
79.5891 62.1818
77.5592 62.8062
75.532 63.3789
71.4905 64.3704
72.1115 67.245
73.8762 71.3414
70.9246 73.4446
66.7676 71.5995
62.1622 69.0382
56.501 67.3353
54.4362 67.2231
54.3629 69.5814
50.7259 69.8182
49.4423 70.6109
48.5939 72.0434
48.9631 75.3965
47.2205 85.188
44.8815 84.4098
41.2069 84.4866
38.416 82.3834
36.3623 81.671
32.8905 81.4067
---------------------------
33
167.391 64.2554
161.979 65.4438
156.486 66.4243
152.471 67.8843
149.38 72.8573
141.314 72.0029
134.826 71.6883
125.314 72.35
96.8599 58.1993
94.2666 61.2174
90.6138 61.1198
88.4684 61.9463
84.0569 61.0709
80.0619 62.5512
78.0255 63.1838
75.6086 63.4431
73.1998 65.9094
75.11 70.0412
74.3797 71.8277
71.9128 71.9128
67.245 72.1115
61.4931 68.295
54.9786 70.3694
51.9968 69.0021
49.4996 70.6928
48.8735 72.4579
49.1809 75.732
49.3355 78.9533
47.7537 86.15
45.1162 84.8513
41.2069 84.4866
38.6273 82.8365
36.3623 81.671
---------------------------
35
169.445 65.0438
162.628 65.706
156.578 66.4634
153.75 68.4538
149.38 72.8573
142.205 72.4569
135.797 72.2047
126.267 72.9
117.861 70.8177
94.8536 61.5987
93.1838 62.8533
88.3865 61.8889
84.6232 61.4823
80.9287 63.2284
78.4917 63.5614
75.6086 63.4431
73.6457 66.3108
75.4026 70.314
74.4517 71.8971
72.1956 72.1956
67.6542 72.5503
61.8946 68.7409
58.258 67.0182
55.348 70.8422
52.2375 69.3216
49.6717 70.9386
48.8735 72.4579
48.7452 75.061
49.2295 78.7837
47.8022 86.2375
45.1632 84.9396
42.9475 84.2892
38.8386 83.2897
36.3623 81.671
34.3062 80.8203
---------------------------
34
165.244 63.4311
156.67 66.5024
153.658 68.4131
150.719 70.2814
142.294 72.5023
137.475 73.0967
129.881 71.9942
119.061 71.5388
95.3206 59.5629
94.015 61.054
88.5503 62.0036
85.1895 61.8938
82.499 62.1675
78.1809 63.3096
75.532 63.3789
73.9615 64.2938
70.7219 65.9492
74.3797 71.8277
72.9027 72.9027
69.3964 71.862
62.4968 69.4097
58.6517 67.471
56.4368 67.2587
54.7323 70.0542
52.2977 69.4014
50.7846 69.8991
48.5939 72.0434
48.1461 74.1385
45.3979 85.381
43.1291 84.6456
40.7685 83.5878
36.525 82.0364
34.5016 81.2806
32.8905 81.4067
---------------------------
33
167.018 64.112
159.197 64.32
153.841 68.4945
151.807 70.7886
143.987 70.2271
137.563 73.1437
131.805 73.0608
123.149 71.1
95.3206 59.5629
94.7698 61.5442
89.7019 60.5047
86.3221 62.7167
83.0581 62.5888
79.5891 62.1818
75.9916 63.7645
73.9615 64.2938
71.9364 64.7718
75.5488 70.4504
72.9734 72.9734
70.5773 73.0849
64.1078 68.7472
58.9141 67.7729
56.8224 67.7183
54.7509 67.6117
52.5986 69.8007
50.7846 69.8991
49.7864 71.1024
49.1531 72.8724
48.7226 81.088
47.2205 85.188
43.4015 85.1802
40.9439 83.9474
38.3737 82.2927
---------------------------
36
168.418 64.6496
161.979 65.4438
156.486 66.4243
151.172 70.4927
148.031 72.1997
141.135 71.9121
133.38 73.9335
125.4 72.4
96.1742 57.7873
93.9311 60.9996
91.1112 61.4553
87.9769 61.6021
82.9782 62.5286
79.8255 62.3665
77.9477 63.1208
75.532 63.3789
71.9364 64.7718
69.9905 65.2672
74.0201 71.4803
70.9246 73.4446
66.8358 71.6727
62.8983 69.8556
56.6939 67.5651
55.0026 67.9226
54.3629 69.5814
50.7259 69.8182
49.7864 71.1024
48.5939 72.0434
48.6907 74.9771
48.8586 78.19
48.3355 87.1996
45.4448 85.4693
41.6453 85.3854
38.6273 82.8365
36.3623 81.671
34.5406 81.3726
---------------------------
36
165.617 63.5745
157.682 66.9322
152.562 67.925
150.719 70.2814
142.383 72.5477
137.298 73.0028
130.056 72.0912
119.832 72.0023
95.2358 59.5099
91.1635 59.2023
88.5503 62.0036
84.0569 61.0709
81.5407 61.4453
78.0255 63.1838
75.0724 62.9932
72.8295 63.3097
70.6731 63.6343
68.8408 66.4788
72.337 72.337
68.4933 70.9269
62.8983 69.8556
58.7173 67.5465
56.1796 66.9523
53.8088 68.8721
52.2375 69.3216
50.7259 69.8182
49.6717 70.9386
48.0916 74.0546
48.1697 77.0876
48.9286 81.4309
46.5246 87.5001
43.9463 86.2494
40.9439 83.9474
36.769 82.5845
34.736 81.8329
32.8905 81.4067
---------------------------
37
167.671 64.3629
160.774 64.9568
156.21 66.3071
150.719 70.2814
146.324 71.3668
139.71 71.1857
133.205 73.8365
124.967 72.15
115.889 69.6331
91.2474 59.2567
89.619 60.4488
87.4035 61.2006
83.0581 62.5888
79.4315 62.0587
77.0929 62.4286
73.5842 63.9658
71.5648 64.4373
69.9174 65.199
73.6604 71.133
70.1605 72.6533
66.8358 71.6727
62.5637 69.484
56.5653 67.4119
56.513 69.7877
54.7323 70.0542
51.0198 70.2227
50.1306 71.5939
49.4327 73.2869
49.2354 75.8158
48.1046 80.0594
48.7 84.3509
41.6453 85.3854
38.6273 82.8365
36.525 82.0364
32.8905 81.4067
31.2855 81.5016
29.6873 81.5653
---------------------------
37
167.298 64.2195
161.886 65.4063
156.302 66.3462
150.81 70.3237
146.414 71.4107
139.799 71.2311
134.65 71.5944
126.093 72.8
116.918 70.2512
94.2666 61.2174
90.5309 61.0639
88.4684 61.9463
84.0569 61.0709
80.0619 62.5512
78.0255 63.1838
75.532 63.3789
71.9364 64.7718
70.4294 65.6764
73.8043 71.2719
72.337 72.337
68.0634 72.9891
62.4968 69.4097
57.4652 68.4844
56.3242 69.5546
55.6558 71.2362
53.1403 70.5195
50.0159 71.4301
49.4327 73.2869
49.2354 75.8158
49.4945 79.2077
42.1713 86.464
38.8809 83.3803
36.525 82.0364
34.5016 81.2806
31.3214 81.5949
29.7215 81.6593
28.4221 82.5438
---------------------------
39
167.391 64.2554
161.794 65.3689
155.841 66.1508
149.541 69.732
145.335 70.8846
139.799 71.2311
133.767 71.1249
125.4 72.4
117.861 70.8177
92.9247 60.346
92.5206 62.4059
87.895 61.5448
85.1895 61.8938
81.3227 63.5363
79.8129 64.6312
78.2131 65.6286
81.5086 70.8544
75.622 70.5186
74.3797 71.8277
72.6199 72.6199
68.4726 73.4279
64.7718 71.9364
62.7848 72.2257
57.5199 71.0311
55.9021 71.5514
54.4041 72.1967
52.8419 72.7306
50.2714 74.5305
50.2702 77.4093
50.3423 80.5646
50.7828 84.5167
44.4911 87.3186
39.3035 84.2866
36.5656 82.1277
34.3062 80.8203
31.3214 81.5949
29.8584 82.0352
28.2919 82.1656
25.4071 83.1029
---------------------------
41
168.487 61.3242
160.774 64.9568
156.486 66.4243
152.653 67.9657
147.941 72.1559
141.046 71.8667
134.65 71.5944
127.133 73.4
118.975 71.4873
95.8294 59.8809
92.5206 62.4059
89.2057 62.4625
87.8592 63.8335
86.2872 67.4149
86.7295 70.2322
83.269 69.871
79.9992 69.5423
76.9384 71.7462
75.6026 73.0086
73.5391 73.5391
69.7002 74.7443
66.7792 74.1659
63.5065 73.0559
61.5148 73.3105
56.8871 72.8122
55.6679 73.8738
54.3114 74.7532
52.2286 77.4321
52.4487 80.764
51.9321 83.1087
51.7098 86.0596
50.0808 90.3482
49.1537 92.4446
46.1254 90.5263
40.1487 86.0992
37.3791 83.9548
34.9314 82.2931
33.4898 82.8902
29.1058 84.5294
27.4716 84.5489
24.642 85.9368
---------------------------
41
160.959 65.0317
156.578 66.4634
155.303 69.1452
160.87 75.0147
144.432 73.5919
140.654 74.7868
134.429 74.5152
125.146 75.1956
94.0485 58.768
90.0335 60.7284
87.4035 61.2006
85.7558 62.3052
86.2526 64.996
93.4129 75.6443
87.0993 73.085
84.2256 73.2162
79.4981 74.1332
77.2571 74.6063
75.5897 75.5897
71.7462 76.9384
69.4558 77.1384
67.3117 77.4332
64.1502 76.4512
60.6427 77.6191
59.3991 78.8253
58.3671 80.3354
56.1989 83.3183
55.2809 85.1251
54.7407 87.6034
53.667 89.3168
51.7292 93.3219
50.4212 94.8286
48.4408 95.0704
42.9604 88.0818
39.1281 87.8831
36.9241 86.9877
35.0257 86.6917
32.1499 88.3311
30.4081 88.3114
28.5532 87.8776
25.6067 89.3012
---------------------------
37
163.843 62.8936
158.235 67.1667
158.226 70.4468
156.791 73.113
140.027 77.618
135.966 78.5
129.412 80.8657
123.368 80.1164
118.884 80.1883
112.939 82.0548
64.3805 50.2995
62.1717 50.3456
61.59 51.6801
63.0182 54.7809
79.1216 81.9328
76.6566 82.2042
72.5601 83.4709
69.9996 83.4222
67.9666 83.9318
64.5748 85.6936
63.0694 86.8075
61.4874 87.8131
60.3369 89.4532
57.5492 92.098
56.8087 94.5456
55.05 95.3494
54.4926 98.3073
51.0285 100.149
48.2208 98.8673
42.938 92.0809
38.5652 90.8538
36.7114 90.864
35.1201 91.4909
31.7103 92.0935
29.9128 92.0623
28.3016 92.5703
27.0125 94.2036
---------------------------
37
165.873 67.0171
165.047 70.0581
168.823 75.1649
166.217 103.864
158.928 103.209
142.287 99.6302
133.488 96.9846
127.542 96.1099
120.924 97.9223
115.673 97.0609
111.848 97.228
98.2208 91.5924
93.658 90.4445
90.6511 90.6511
86.0682 89.1262
82.1692 91.2582
78.8583 90.7161
75.7204 90.24
71.3552 91.3305
69.9309 92.8014
67.7716 93.2797
64.0276 94.9248
62.5246 96.2794
60.6228 97.0167
59.8989 99.6886
55.5592 100.231
54.9282 103.305
53.4347 104.871
46.2043 94.7329
42.2599 94.9174
40.1281 94.5358
37.8353 93.6456
34.544 94.909
32.4917 94.3628
30.7472 94.6301
27.5362 96.03
26.4254 98.621
---------------------------
26
164.352 102.698
144.826 101.408
134.701 97.8662
127.106 99.3062
121.779 98.6145
116.822 98.0251
111.249 100.169
105.754 98.617
96.8231 93.501
91.2086 94.4493
87.6368 93.979
83.9759 93.2647
78.9343 94.0703
75.8331 93.6461
73.9409 94.6401
71.9169 95.4369
68.485 97.8068
65.817 97.5777
37.9952 60.805
44.4563 99.8505
39.7083 98.2815
37.2344 96.999
35.5701 97.728
34.0544 98.9012
30.202 98.7863
28.5009 99.3945
---------------------------
23
141.982 103.156
133.931 100.924
127.421 99.5525
120.192 100.853
115.169 100.115
111.249 100.169
104.232 100.656
97.1565 97.1565
92.598 95.888
88.1824 94.564
83.5819 96.15
80.1556 95.5257
77.6581 95.8998
73.9029 98.0724
71.5335 98.4574
69.919 99.8546
42.3185 65.1647
61.9591 103.117
42.3305 104.772
39.7072 103.441
35.3893 102.778
33.5901 103.38
31.7516 103.855
