---------------------------
21
124.652 63.5133
80.0619 62.5512
77.9477 63.1208
76.4512 64.1502
70.6488 65.881
65.6902 65.6902
63.4258 68.0159
62.4968 69.4097
53.8069 66.446
50.7921 65.0109
49.1081 65.1687
44.9684 64.2215
43.4493 64.4162
41.8827 64.4938
39.4004 65.5733
36.85 63.8261
35.2457 63.5849
34.1306 64.1903
31.5627 64.7132
30.4285 65.2542
29.285 65.7753
---------------------------
28
134.134 62.5475
78.7455 59.339
76.6734 59.9039
74.2174 60.1001
70.1125 60.9479
63.9203 59.6067
61.7304 61.7304
59.6712 61.7913
56.5377 60.6292
54.8687 60.9379
50.3946 60.0579
48.9611 60.462
47.4059 60.6768
44.3778 61.0808
42.3873 60.5353
39.214 60.3843
37.3593 59.7874
36.1042 60.0874
33.1125 59.7365
31.126 58.5394
29.8272 58.5391
28.5818 58.6014
26.7226 60.0199
25.5929 60.2931
24.5367 60.7305
22.6759 62.3016
21.5852 62.6879
19.7351 64.5506
---------------------------
29
130.146 60.688
80.659 58.6022
78.2663 58.9779
75.15 60.8553
72.3912 60.7434
70.1125 60.9479
62.8703 60.7131
60.1041 60.1041
58.2124 60.2807
54.8687 60.9379
51.435 59.1692
50.5874 60.2877
47.5906 60.9132
46.0388 61.0956
43.3198 59.6245
39.5349 58.613
35.7828 55.1007
33.7029 53.9359
31.8 55.0792
28.9194 54.3896
26.0333 55.8286
24.6482 55.3609
23.4504 58.0417
22.5055 58.6288
21.7183 59.6705
20.8689 60.6077
19.9625 61.4383
18.0542 62.9626
16.741 67.1445
---------------------------
31
129.247 63.0378
126.345 64.3759
80.1031 60.362
76.6266 62.051
70.5653 61.3415
63.9493 61.7551
61.3769 61.3769
57.7653 61.9457
43.9266 54.2448
41.8034 53.5059
40.0207 53.1093
37.684 53.8183
36.2916 53.8045
34.748 53.5072
32.7049 54.4301
31.15 53.9534
29.8643 53.8766
27.5118 53.995
26.5653 54.4669
25.822 55.3754
23.8737 56.2428
22.9634 56.8364
22.2546 57.9753
21.5815 59.2946
19.6535 60.4872
18.741 61.2991
17.9716 62.6743
17.1597 64.0409
15.6341 67.7187
14.9073 70.1332
14.1199 72.6404
---------------------------
34
130.954 63.8707
125.543 63.9673
79.1163 61.8124
77.5592 62.8062
75.915 63.7003
57.668 51.9245
54.6594 54.6594
51.2658 53.0873
50.4679 54.1202
47.2362 54.3391
45.3165 54.0061
43.9266 54.2448
42.0497 53.8211
39.4404 54.285
37.856 54.064
35.5105 54.6813
34.2328 54.7839
32.8594 54.6873
30.446 54.9261
29.5298 55.5374
28.1928 55.3315
27.5297 56.4443
25.5431 57.3707
24.3816 57.4395
23.338 57.7636
22.5413 58.7222
20.7061 60.135
19.7153 60.6774
19.0626 62.3511
18.2748 63.7317
16.233 65.1068
15.7691 68.3033
15.1568 71.307
14.1389 72.7386
---------------------------
31
80.4559 62.859
78.4917 63.5614
76.8343 64.4716
57.0456 53.1959
53.9055 55.8208
50.5361 54.1933
48.3515 55.6221
46.2807 55.1552
44.8705 55.4105
41.8261 55.5052
40.4984 55.7413
38.6591 55.2108
37.0745 54.9652
34.9747 55.9712
33.426 55.6302
31.9 55.2524
30.9309 55.8007
28.8284 56.5789
27.7489 56.8937
25.6651 57.6447
24.6551 58.0839
23.7126 58.6907
22.7564 59.2824
21.7525 59.7645
19.9007 61.248
19.1503 62.638
18.4953 64.5007
17.5997 65.683
15.904 68.888
15.1152 71.1113
14.1389 72.7386
---------------------------
32
84.7112 66.1836
78.8803 63.876
57.8501 53.9461
55.1543 55.1543
54.1834 56.1085
52.4457 56.2411
49.1142 54.5468
46.7307 55.6914
44.9335 55.4882
43.1579 55.2396
40.8511 56.2267
39.3473 56.1938
37.6896 55.8771
35.1336 56.2256
33.5805 55.8873
32.3 55.9452
30.9309 55.8007
28.9646 56.8462
27.7489 56.8937
26.8785 57.6412
24.8114 58.4521
23.8999 59.1543
22.8639 59.5624
22.0945 60.7041
20.1479 62.0089
19.0626 62.3511
18.4126 64.2123
17.8585 66.6489
15.7691 68.3033
15.032 70.7201
14.6732 75.4871
13.614 77.2089
---------------------------
31
84.6324 66.122
78.8803 63.876
57.0456 53.1959
54.8715 54.8715
54.2528 56.1804
51.7637 55.5097
49.0076 56.3768
46.7307 55.6914
45.3111 55.9545
43.5273 55.7124
40.8511 56.2267
39.1753 55.9481
36.7087 56.5264
35.1336 56.2256
34.147 56.8302
31.4641 56.7628
30.4687 57.3033
29.3278 57.559
28.0996 57.6127
25.9498 58.2842
24.8505 58.5441
23.8999 59.1543
22.9714 59.8425
20.934 60.7968
20.1479 62.0089
19.2965 63.1161
18.6606 65.0774
16.8136 67.4356
16.039 69.4726
15.1776 71.4048
14.7495 75.8798
---------------------------
31
129.606 63.2131
80.9287 63.2284
77.7535 65.2429
76.1502 66.1964
56.1085 54.1834
54.6594 54.6594
53.2108 55.1014
49.5157 54.9927
48.5484 55.8485
47.1163 56.1511
44.1429 56.5004
42.5483 56.4635
40.8511 56.2267
38.5284 57.1207
37.0355 57.0296
35.2396 56.3952
33.15 57.4175
31.852 57.4625
30.4687 57.3033
29.3278 57.559
27.1744 58.2756
26.1532 58.741
24.9286 58.7282
22.8639 59.5624
22.0261 60.5162
21.1294 61.3642
20.3024 62.4844
18.1921 63.4433
17.5997 65.683
17.1039 68.5999
16.129 69.8623
---------------------------
33
78.958 63.939
77.7535 65.2429
57.3381 53.4687
55.8208 53.9055
52.933 54.8137
51.7637 55.5097
49.9841 55.5129
47.6955 54.8674
45.3111 55.9545
43.712 55.9488
42.1872 55.9843
39.6915 56.6853
38.0251 56.3746
36.3819 56.0232
34.147 56.8302
32.85 56.8979
31.4641 56.7628
29.237 57.3808
27.9681 57.3431
26.963 57.8224
25.9498 58.2842
23.8999 59.1543
22.8639 59.5624
21.9919 60.4222
20.0552 61.7236
19.2088 62.8292
18.2748 63.7317
17.755 66.2625
15.904 68.888
15.0528 70.8179
14.5206 74.7018
13.4751 76.4211
12.3896 78.2249
---------------------------
32
80.9287 63.2284
78.414 63.4984
76.8343 64.4716
58.8571 52.9951
57.3381 53.4687
54.1644 54.1644
52.7246 54.5979
51.4227 55.1441
48.2859 55.5466
46.2807 55.1552
44.5559 55.0219
42.1872 55.9843
40.6747 55.984
39.0032 55.7023
36.7087 56.5264
35.1336 56.2256
33.838 56.3159
32.45 56.2051
30.3279 57.0384
29.1916 57.2917
27.9681 57.3431
25.8278 58.0101
24.8505 58.5441
23.825 58.9689
21.8209 59.9524
20.9666 60.8914
20.0552 61.7236
19.2088 62.8292
17.1079 63.8477
16.62 66.6593
15.9715 69.1803
15.1776 71.4048
---------------------------
30
80.4559 62.859
77.2939 64.8573
57.6307 53.7415
55.9646 54.0444
54.1644 54.1644
52.1688 54.0224
49.4488 54.9184
47.4987 54.641
46.0879 54.9254
43.712 55.9488
42.1872 55.9843
40.3221 55.4986
38.0251 56.3746
36.2185 55.7716
34.9747 55.9712
32.6 56.4649
31.4641 56.7628
30.0931 56.5969
27.9681 57.3431
26.8363 57.5505
25.6651 57.6447
24.8114 58.4521
22.8639 59.5624
21.8209 59.9524
20.8689 60.6077
19.9934 61.5334
18.1921 63.4433
17.2891 64.5238
16.6684 66.8534
16.0615 69.57
---------------------------
35
89.0728 64.7152
86.7318 65.3571
78.958 63.939
76.8343 64.4716
57.0456 53.1959
55.605 53.6971
52.6551 54.526
50.6725 54.3396
49.0473 54.4725
47.2362 54.3391
44.493 54.9442
43.1579 55.2396
41.8261 55.5052
39.3473 56.1938
37.6896 55.8771
36.1096 55.6039
33.735 56.1445
32.45 56.2051
31.4641 56.7628
29.9523 56.3321
27.8366 57.0734
26.6672 57.188
25.7464 57.8274
23.7126 58.6907
22.6847 59.0956
21.8209 59.9524
19.7153 60.6774
18.9749 62.0642
18.1369 63.251
17.522 65.3932
16.8136 67.4356
14.8449 69.8397
14.0435 72.2478
13.3362 75.6332
12.8276 80.9904
---------------------------
32
80.4559 62.859
78.414 63.4984
58.5598 52.7275
56.8262 52.9913
54.0937 54.0937
51.1963 53.0153
49.9905 53.6082
47.3019 54.4146
46.0879 54.9254
44.3042 54.7111
42.0067 55.7448
40.3221 55.4986
38.6591 55.2108
37.2422 55.2139
34.8687 55.8016
33.5805 55.8873
32.05 55.5122
30.187 56.7735
28.9646 56.8462
27.8804 57.1633
25.5431 57.3707
24.7333 58.268
23.6377 58.5053
22.7922 59.3757
20.7061 60.135
19.7153 60.6774
19.0626 62.3511
17.0821 63.7511
16.4507 65.9801
15.7691 68.3033
14.9904 70.5244
14.0626 72.3459
---------------------------
35
131.673 64.2214
89.6391 65.1266
85.6936 64.5748
80.0619 62.5512
77.2939 64.8573
57.3381 53.4687
56.3243 54.3918
54.0937 54.0937
52.7246 54.5979
49.248 54.6955
47.2362 54.3391
46.0879 54.9254
43.5273 55.7124
42.1872 55.9843
40.3221 55.4986
38.0251 56.3746
36.2185 55.7716
35.1336 56.2256
32.6 56.4649
31.3672 56.5879
29.9523 56.3321
27.9681 57.3431
26.963 57.8224
25.8278 58.0101
23.825 58.9689
22.8639 59.5624
21.8209 59.9524
21.0643 61.175
19.1503 62.638
18.1369 63.251
17.4444 65.1034
16.8136 67.4356
16.039 69.4726
13.9481 71.7569
12.2645 77.4348
---------------------------
36
133.471 65.0981
128.127 65.2838
124.672 66.2894
118.559 68.45
93.2195 65.273
86.1728 64.9358
79.3466 64.2536
77.3705 64.9215
55.9646 54.0444
53.6971 55.605
52.7185 56.5336
50.787 56.4047
47.1806 56.2277
45.374 56.0322
43.9582 56.264
42.5483 56.4635
40.2077 57.4226
38.6961 57.3694
37.1988 57.2812
34.4045 57.2588
33.15 57.4175
31.9005 57.55
29.6002 58.0936
28.4503 58.3317
27.3011 58.5475
26.3972 59.2891
24.312 60.1742
23.2581 60.5894
22.2997 61.268
20.3951 62.7697
19.4427 63.5943
18.7433 65.3658
18.0915 67.5182
17.2006 68.988
15.1776 71.4048
14.6732 75.4871
---------------------------
29
80.4346 65.1347
77.0558 66.9836
74.0915 66.7123
55.4372 55.4372
56.6841 58.6981
52.4598 58.2626
50.7134 58.3391
48.7876 58.1428
46.7585 57.7419
43.7519 58.0608
42.1442 58.0065
40.5519 57.914
38.1792 58.7908
36.8294 58.9393
35.0226 58.2874
32.8216 59.2118
31.3607 58.9809
30.0996 59.0737
27.8083 59.6351
26.6413 59.8372
25.9055 61.0295
24.8364 61.4723
22.7443 62.4896
21.9433 63.728
21.0132 64.6718
20.3198 66.4632
18.4538 68.8705
17.4184 69.8613
16.3834 77.078
---------------------------
21
80.2048 67.2999
78.037 67.8365
74.9833 67.5153
70.5672 68.146
67.3166 67.3166
65.6452 67.9776
62.5637 69.484
60.2918 69.3578
58.0437 69.1738
53.1932 68.0841
51.2145 67.9639
49.4327 68.0383
47.7216 68.1535
44.497 68.5194
42.8705 68.6071
28.6343 64.3136
26.9214 63.4228
25.3366 66.0041
24.6255 67.6579
23.5386 68.361
23.0527 70.9488
