---------------------------
28
167.64 51.2528
160.833 55.3791
155.331 56.5359
153.481 58.9157
160.496 64.8444
141.691 63.0849
135.946 63.3927
130.055 63.4323
118.492 63.0031
112.126 62.1526
107.127 61.85
102.529 64.0672
100.221 65.0844
90.5309 61.0639
87.3738 63.4808
83.5373 62.9499
80.5347 62.9206
76.5278 64.2145
73.9615 64.2938
71.5648 64.4373
65.0283 62.7971
62.5082 62.5082
60.991 63.158
58.482 64.9509
58.3893 67.1692
59.0722 70.3995
60.1001 74.2174
44.1423 70.6424
---------------------------
30
167.449 51.1943
160.36 55.2164
156.365 56.9122
153.201 58.8082
140.869 62.7188
134.496 62.7165
127.592 65.0114
99.7731 53.0503
96.2082 53.3291
93.1741 55.9846
97.8648 61.1527
91.6667 59.529
89.0386 60.0573
85.7558 62.3052
82.499 62.1675
79.5891 62.1818
75.8384 63.636
73.3578 63.7689
70.5988 63.5674
64.309 62.1025
61.7304 61.7304
59.4628 61.5755
56.0731 62.2755
53.3376 61.3579
53.6085 63.8881
53.8069 66.446
52.5986 69.8007
53.3709 73.4587
45.3611 72.5929
43.6237 72.6021
---------------------------
33
167.545 51.2235
162.062 55.8024
155.237 56.5017
152.267 58.4498
147.097 62.4388
141.143 62.8408
135.674 63.266
128.75 65.6016
118.668 63.097
96.9953 53.7654
93.6027 56.2422
92.1828 57.6022
96.6987 62.7969
90.0335 60.7284
86.2412 62.6579
84.1762 63.4313
81.2439 63.4747
77.8301 65.3072
75.7728 65.8683
73.2741 65.9763
68.7472 64.1078
64.1346 64.1346
62.1025 64.309
56.6754 62.9444
54.0593 62.1881
52.7086 62.8156
52.1707 64.4254
51.0339 67.7243
50.4908 69.4946
50.4174 72.0035
45.2203 75.2593
43.2 74.8246
40.7501 76.6399
---------------------------
34
165.103 53.6454
159.278 57.9724
153.574 58.9515
149.555 60.424
142.97 63.6543
137.124 63.9421
131.134 63.9584
122.465 65.1157
99.4443 55.1229
96.6484 55.8
92.6917 57.9202
91.7506 59.5835
91.277 61.5671
88.4684 61.9463
84.895 63.9729
81.8743 63.9672
79.7352 64.5683
76.6785 66.6556
74.1659 66.7792
71.6727 66.8358
65.3367 65.3367
61.0605 63.23
58.5837 62.8233
55.3058 63.622
53.03 63.1987
51.7301 63.8814
50.2516 66.6861
50.0793 68.9282
49.4996 70.6928
49.4327 73.2869
50.597 77.9125
46.817 77.9165
44.65 77.3361
42.6148 76.8791
---------------------------
33
165.579 53.7999
160.265 55.1838
153.481 58.9157
149.555 60.424
144.243 61.2276
137.849 64.2802
132.213 64.4844
124.741 63.5587
95.3494 55.05
92.0598 55.3151
87.8088 57.0237
85.0592 57.3732
84.1269 58.9063
84.1762 63.4313
82.0319 64.0904
79.502 64.3795
76.3011 66.3276
74.3888 66.98
72.1115 67.245
66.7509 66.7509
60.7131 62.8703
58.3109 62.5307
56.1401 62.3499
53.2228 63.4285
51.7301 63.8814
50.9152 65.1685
49.5503 68.2001
49.2702 70.3652
49.0971 72.7895
50.4336 77.6609
48.1561 80.1451
45.15 78.2021
42.5663 76.7916
---------------------------
36
166.054 53.9544
160.644 55.314
154.041 59.1307
148.349 59.9371
144.151 61.1885
138.121 64.407
133.381 65.0543
125.632 64.0127
96.2082 53.3291
95.2628 55
90.3454 54.285
86.6347 56.2612
83.2354 56.143
80.195 56.1531
76.8287 57.8946
77.2173 64.793
74.4631 67.0469
72.5503 67.6542
69.2005 66.8261
59.6712 61.7913
58.1063 62.3113
56.0062 62.2012
53.03 63.1987
51.9189 64.1145
50.7921 65.0109
50.2516 66.6861
48.8114 69.7098
48.5379 71.9605
49.0175 75.4804
49.5475 79.2925
45.95 79.5877
43.5844 78.6283
40.5623 76.2867
37.3492 76.5772
34.8237 74.6798
32.7016 73.4491
---------------------------
39
166.625 54.1398
162.251 55.8675
155.068 59.5249
148.442 59.9745
145.716 61.8527
139.224 61.9867
132.302 64.5282
126.879 64.6482
118.05 62.7683
97.8609 56.5
88.7168 53.3064
84.2112 52.621
82.3234 55.5279
79.212 55.4648
76.4521 55.5457
72.8122 56.8871
70.6426 57.2052
68.1013 57.1438
68.3693 61.56
65.7487 61.3117
62.079 59.949
59.3933 61.5036
56.9469 61.068
55.4709 61.6067
53.7968 61.8862
51.3525 63.4151
49.807 63.7501
49.1683 65.2485
47.3201 67.58
47.811 70.8827
48.1046 80.0594
43.5844 78.6283
40.9849 77.0813
38.9978 76.5375
34.866 74.7704
33.3524 74.9107
31.9227 75.2052
28.9561 75.4333
27.088 74.4237
---------------------------
40
167.957 54.5724
163.48 56.2907
157.68 57.391
150.493 57.7689
146.913 62.3607
140.595 62.5968
135.856 63.3505
127.949 65.193
119.463 63.5195
95.3494 55.05
89.1454 53.564
82.1759 51.3492
78.344 52.8437
75.6077 52.9411
72.7306 52.8419
70.0542 54.7323
69.8654 56.5759
67.3353 56.501
65.2824 56.7491
62.7501 58.5155
62.4387 60.2963
59.6798 59.6798
56.5377 60.6292
55.0025 61.0865
53.5344 61.5843
52.0015 61.973
49.4992 63.3561
48.6267 64.5298
47.7869 65.7731
46.3571 68.7272
46.6211 71.7902
47.8517 76.5787
47.5895 79.2023
45.2 78.2887
41.736 78.494
39.2248 76.983
37.3054 76.4874
33.5151 75.2761
32.8996 77.5065
30.7177 76.0291
---------------------------
37
166.435 54.078
159.184 57.9382
152.547 58.5573
149.462 60.3866
141.691 63.0849
136.218 63.5195
129.786 63.3008
121.405 64.5523
113.001 62.6374
88.8542 51.3
82.3455 51.4552
80.2608 52.122
78.7586 53.1233
74.7532 54.3114
71.398 53.8023
69.3449 54.1782
66.1862 55.5368
65.3578 56.8147
62.9444 56.6754
62.2382 58.0381
59.8919 59.8919
57.5872 59.6333
55.9239 59.971
53.3376 61.3579
52.0015 61.973
50.2827 62.094
47.9647 63.6512
47.1404 64.8832
46.6318 66.5971
46.6367 69.1417
45.5201 72.8473
45.7869 76.2022
45.2 78.2887
43.0996 77.7537
39.4064 77.3394
37.4807 76.8469
34.6547 74.3172
---------------------------
37
166.625 54.1398
162.062 55.8024
155.237 56.5017
148.535 60.012
144.519 61.3448
138.219 61.5393
133.291 65.0104
124.741 63.5587
116.019 61.6886
109.206 63.05
85.631 51.4523
80.2608 52.122
78.4269 52.8997
75.2801 52.7117
72.3261 52.548
68.9509 53.8704
66.5237 53.8698
65.8032 55.2155
63.2416 56.943
61.3606 57.2197
60.6403 58.5597
57.1009 59.1297
55.9239 59.971
54.4003 60.4177
52.7471 60.6787
50.1568 61.9385
48.6373 62.2528
47.7841 63.4117
46.1155 65.8598
45.8538 67.9811
45.9131 70.6999
46.7919 74.8827
46.5594 77.4879
43.2935 78.1035
40.9849 77.0813
37.4807 76.8469
34.8237 74.6798
---------------------------
39
169.553 51.8375
165.008 53.6145
159.184 57.9382
151.987 58.3423
148.535 60.012
140.595 62.5968
135.674 63.266
129.067 62.9501
119.551 63.5664
111.427 61.7647
85.031 51.0918
82.2607 51.4022
78.4996 50.9782
78.4269 52.8997
73.0542 53.077
70.5195 53.1403
66.446 53.8069
65.9564 55.344
63.9994 55.6338
62.4985 56.2739
60.1368 58.0734
57.2049 57.2049
56.962 58.9859
55.4465 59.4591
52.5503 60.4522
51.1659 60.9771
49.5275 61.1614
47.3628 62.8526
46.7877 64.3978
46.1155 65.8598
44.7149 68.8549
45.3611 72.5929
45.7869 76.2022
44.7 77.4227
41.2196 77.5228
38.9978 76.5375
36.9109 75.6785
32.04 75.4814
28.096 73.1927
---------------------------
38
166.53 54.1089
160.454 55.2489
152.827 58.6648
148.535 60.012
143.046 60.7196
136.943 63.8576
129.966 63.3885
122.603 62.4691
113.001 62.6374
87.5552 50.55
82.2607 51.4022
79.6737 51.7407
78.5099 52.9556
73.1351 53.1358
72.5161 54.6448
68.0053 53.1316
66.9123 54.1845
63.622 55.3058
62.3498 56.1401
60.8486 56.7423
58.3363 58.3363
56.962 58.9859
55.4465 59.4591
53.7312 59.6745
50.9731 60.7473
49.5904 61.2391
47.3628 62.8526
46.2587 63.6696
45.6567 65.2045
45.6861 67.7324
45.7497 70.4483
45.0143 74.9164
44.7 77.4227
42.3724 76.4418
38.9978 76.5375
37.13 76.1279
34.6547 74.3172
34.0845 76.5551
---------------------------
40
166.53 54.1089
161.967 55.7698
153.667 58.9874
151.038 61.0234
144.151 61.1885
138.219 61.5393
131.044 63.9145
124.385 63.3771
113.001 62.6374
89.547 51.7
82.9738 49.8557
80.5962 52.3398
78.8415 53.1792
75.6897 52.9985
72.5161 54.6448
69.1873 54.0551
66.6791 53.9957
63.3201 55.0434
62.1269 55.9393
60.7755 56.6741
59.6333 57.5872
56.6841 58.6981
55.6511 59.6785
53.7981 59.7488
51.1016 60.9005
49.4646 61.0837
48.2063 61.7012
46.1411 63.5078
45.2552 64.6311
45.2387 67.0691
45.4229 69.9451
46.3149 74.1194
44.65 77.3361
42.5663 76.7916
40.5154 76.1984
37.3054 76.4874
34.4856 73.9547
33.3524 74.9107
31.8837 75.1132
26.6776 73.296
---------------------------
38
166.815 54.2016
162.535 55.9652
156.553 56.9806
149.462 60.3866
145.532 61.7746
139.133 61.946
133.409 62.2094
125.632 64.0127
116.814 62.1111
89.6336 51.75
85.631 51.4523
80.9886 50.6073
78.8415 53.1792
74.8705 52.4249
72.3261 52.548
68.8721 53.8088
66.5237 53.8698
63.8881 53.6085
62.2012 56.0062
60.7024 56.6059
59.3455 57.3093
57.9828 57.9828
55.4465 59.4591
53.7981 59.7488
52.0911 59.9239
49.5275 61.1614
48.1447 61.6224
47.3628 62.8526
46.2587 63.6696
44.9591 66.6546
45.1506 69.5258
45.5731 72.9321
45.7869 76.2022
42.8572 77.3164
40.7501 76.6399
38.68 75.9137
34.3589 73.6828
26.6776 73.296
---------------------------
41
169.362 51.779
163.669 56.3559
158.808 57.8014
151.894 58.3065
146.728 62.2825
140.777 62.6781
134.859 62.8856
128.977 62.9063
118.668 63.097
112.039 62.1041
85.1167 51.1433
81.5822 50.9782
79.6737 51.7407
76.5088 53.572
72.2452 52.4892
70.1202 52.8394
66.446 53.8069
65.5734 55.0226
63.1692 54.9121
61.9783 55.8055
59.5613 57.5177
57.7706 57.7706
56.4757 58.4823
54.1327 60.1204
52.4847 60.3768
50.6517 60.3643
48.1447 61.6224
47.0619 62.4533
46.2587 63.6696
45.6567 65.2045
44.4425 68.4355
44.9372 71.9145
45.4779 75.6879
44.2 76.5566
40.7501 76.6399
38.8162 76.1811
36.9547 75.7683
33.1897 74.5453
29.519 73.0621
27.9885 72.9126
25.1664 73.0886
---------------------------
41
166.625 54.1398
160.644 55.314
153.574 58.9515
149.555 60.424
144.151 61.1885
137.034 63.8999
129.966 63.3885
122.513 62.4237
113.701 63.0253
87.9882 50.8
82.4303 51.5082
79.6737 51.7407
78.5099 52.9556
73.1351 53.1358
72.1966 54.4041
68.0841 53.1932
66.99 54.2474
63.622 55.3058
62.3498 56.1401
60.6292 56.5377
57.2049 57.2049
56.962 58.9859
55.1737 59.1665
52.7471 60.6787
50.8445 60.5941
49.2758 60.8505
48.2063 61.7012
46.0236 63.346
45.3125 64.713
45.4624 67.4008
45.4774 70.029
45.2203 75.2593
44.45 76.9897
42.3724 76.4418
40.3746 75.9335
37.1739 76.2177
34.4856 73.9547
33.5558 75.3675
30.6054 75.7509
28.096 73.1927
26.917 73.9538
---------------------------
40
169.362 51.779
164.047 56.4861
158.902 57.8356
150.867 57.9123
148.349 59.9371
140.686 62.6374
135.765 63.3082
128.977 62.9063
118.668 63.097
96.1207 53.2806
85.631 51.4523
82.0062 51.2432
78.9189 51.2505
74.8705 52.4249
72.3261 52.548
69.7209 52.5385
66.1351 53.5552
65.65 55.0869
63.3201 55.0434
62.2012 56.0062
59.8491 57.7956
57.4878 57.4878
56.7536 58.7701
54.1327 60.1204
52.4847 60.3768
50.6517 60.3643
49.2129 60.7728
47.1823 62.613
46.2587 63.6696
45.7714 65.3683
44.6604 68.771
44.9372 71.9145
45.2203 75.2593
44.4 76.9031
40.7501 76.6399
38.8162 76.1811
36.9547 75.7683
33.2304 74.6367
29.3692 72.6912
27.9527 72.8193
---------------------------
39
166.72 54.1707
162.062 55.8024
155.049 56.4333
149.647 60.4615
143.323 60.8368
138.128 61.4986
132.033 64.3967
124.474 63.4225
114.165 60.7027
89.4604 51.65
83.4881 50.1647
80.093 52.013
78.5099 52.9556
75.2801 52.7117
72.3261 52.548
69.1873 54.0551
66.7568 54.0586
65.1904 54.7012
62.3498 56.1401
60.7755 56.6741
59.9929 57.9345
57.6999 57.6999
55.4465 59.4591
53.6643 59.6002
52.1567 59.9994
49.3387 60.9282
48.2063 61.7012
47.1823 62.613
45.3125 64.713
45.1828 66.9862
45.6408 70.2806
46.262 74.0346
44.2 76.5566
42.5663 76.7916
40.3746 75.9335
38.453 75.4682
34.3589 73.6828
33.2304 74.6367
31.8837 75.1132
---------------------------
39
169.744 51.896
164.237 56.5512
158.338 57.6304
150.68 57.8406
149.462 60.3866
140.686 62.6374
135.765 63.3082
129.067 62.9501
119.551 63.5664
96.2082 53.3291
85.3739 51.2978
82.4303 51.5082
78.5834 51.0327
75.6077 52.9411
71.9216 52.2541
69.3216 52.2375
67.3749 52.6391
65.8032 55.2155
63.622 55.3058
62.2012 56.0062
59.7052 57.6566
57.4878 57.4878
56.6841 58.6981
54.8327 58.8008
52.4191 60.3013
50.6517 60.3643
48.0832 61.5436
47.3027 62.7728
46.1999 63.5887
45.8861 65.5322
45.8538 67.9811
45.0961 72.1689
45.4779 75.6879
44.2 76.5566
42.13 76.0045
38.8162 76.1811
36.9547 75.7683
34.3589 73.6828
27.9885 72.9126
---------------------------
39
166.53 54.1089
162.062 55.8024
153.761 59.0232
151.224 61.0983
143.323 60.8368
138.219 61.5393
131.044 63.9145
123.761 63.0593
114.165 60.7027
88.9408 51.35
83.4881 50.1647
80.093 52.013
78.344 52.8437
74.379 52.0807
71.3182 53.7421
67.6901 52.8853
66.7568 54.0586
63.9239 55.5682
62.6471 56.4077
60.8486 56.7423
59.7052 57.6566
56.8925 58.9139
55.4465 59.4591
53.7981 59.7488
50.6517 60.3643
49.3387 60.9282
48.2063 61.7012
47.1823 62.613
45.1978 64.5492
45.4624 67.4008
45.5863 70.1967
46.3149 74.1194
44.45 76.9897
42.3724 76.4418
40.3276 75.8452
36.9547 75.7683
34.4856 73.9547
33.5151 75.2761
31.8837 75.1132
---------------------------
37
166.91 54.2325
163.575 56.3233
156.647 57.0148
153.667 58.9874
145.348 61.6964
139.133 61.946
133.201 64.9666
126.523 64.4667
117.697 62.5806
88.9408 51.35
85.4596 51.3493
81.5822 50.9782
77.1834 52.0609
74.7067 52.3102
71.4362 51.9014
68.8721 53.8088
66.8345 54.1216
66.2628 55.6011
63.8484 55.5026
62.3113 58.1063
61.2158 59.1154
58.9727 58.9727
55.7875 59.8247
53.9988 59.9718
52.7471 60.6787
50.0939 61.8608
48.3294 61.8588
47.4832 63.0123
47.0228 64.7214
45.8538 67.9811
45.7497 70.4483
46.7919 74.8827
45.9929 76.545
42.8572 77.3164
40.5154 76.1984
38.453 75.4682
34.5279 74.0453
---------------------------
38
167.162 51.1066
163.669 56.3559
156.459 56.9464
153.947 59.0949
146.821 62.3216
140.321 62.4748
134.859 62.8856
128.84 65.647
120.699 64.1768
95.0712 52.6988
90.3454 54.285
88.7058 55.4296
84.7057 55.0085
80.7684 56.5546
78.4746 57.0152
76.3496 57.5335
73.8289 59.7854
75.8483 65.9339
74.3888 66.98
70.9269 68.4933
66.1145 66.1145
60.991 63.158
57.8798 64.282
56.0274 64.4522
54.187 64.5776
51.223 65.5625
50.733 67.325
50.3732 69.3328
50.0732 71.512
48.5818 74.8094
49.2295 78.7837
48.7226 81.088
46.2 80.0208
41.6891 78.4057
38.8162 76.1811
36.9109 75.6785
32.3525 76.2178
27.088 74.4237
---------------------------
40
167.64 51.2528
163.487 53.12
157.962 57.4936
153.387 58.8799
147.7 59.6748
143.335 63.817
138.212 64.4493
133.471 65.0981
128.929 65.6924
120.523 66.8068
102.537 59.2
97.1015 60.6758
95.4407 61.9799
95.588 64.4749
98.4621 68.9439
89.7666 67.644
86.6812 67.7228
83.4655 67.589
79.2445 68.8862
76.7669 69.1212
74.6712 69.632
71.0642 71.0642
68.9101 71.3585
64.7898 69.4786
61.2103 70.4144
59.265 70.6293
57.7716 71.342
57.0103 72.9698
55.3694 76.2094
54.4324 77.7375
53.7944 79.7534
53.4291 82.2736
51.9673 86.4882
41.4947 81.438
38.489 78.9141
36.3029 77.8518
33.4075 78.7032
31.7292 78.5325
30.0671 78.3274
27.3152 79.329
---------------------------
38
160.36 55.2164
155.535 59.7041
155.86 62.9714
156.302 66.3462
159.779 71.1382
165.433 99.4024
156.804 97.9821
135.529 88.0137
127.132 89.0191
121.191 88.0502
115.563 87.0826
98.2312 79.5461
91.4657 76.7488
88.2255 76.6933
83.74 78.0888
80.3503 77.5933
77.3575 77.3575
73.6558 78.9862
70.9278 78.7734
67.7709 77.9615
65.6286 78.2131
62.4896 79.9831
61.5657 81.7004
60.6594 83.4906
59.5946 85.1099
57.0237 87.8088
55.2706 88.4514
54.9546 91.4597
52.311 94.3715
50.7499 95.4466
43.6739 85.7148
39.3035 84.2866
37.3791 83.9548
35.4784 83.5818
32.1814 83.8355
30.2346 83.0688
28.7802 83.5838
27.4716 84.5489
---------------------------
26
171.213 98.85
160.451 100.261
155.07 100.704
143.838 97.02
133.083 96.6907
125.306 94.4248
118.99 92.9649
113.463 91.8808
108.15 94.0133
103.074 92.8084
93.2476 86.9548
85.1357 85.1357
81.8308 84.7382
79.18 84.9102
75.6436 87.018
72.6993 86.6396
70.2951 86.8072
66.2598 87.9298
63.951 88.021
62.3478 89.0418
61.0639 90.5309
57.5492 92.098
55.9846 93.1741
54.65 94.6566
35.6251 88.1752
34.0808 88.7835
