---------------------------
26
94.3445 63.6362
90.9259 63.667
88.409 66.6209
85.578 66.8608
83.4655 67.589
78.9426 68.6238
77.2871 69.5896
76.0608 70.9278
75.2429 72.6613
71.7582 74.3078
56.8105 60.9218
53.0752 61.056
51.3587 61.207
50.3456 62.1717
50.238 64.3017
54.0175 74.3487
52.3675 74.7886
50.2714 74.5305
48.6907 74.9771
45.0143 74.9164
43 74.4782
41.0634 74.0803
37.4088 73.4189
36.1656 74.1505
34.8237 74.6798
11.0086 78.3302
---------------------------
40
-1.35605 77.6882
-2.71169 77.6527
-5.48983 78.5083
168.017 61.1532
121.582 64.6462
77.6979 60.7042
73.6169 61.7719
71.6974 62.3256
68.5923 61.7608
51.1945 51.1945
50.1951 53.8276
48.4451 53.8037
48.2859 55.5466
46.2807 55.1552
42.428 56.3038
41.5564 57.1975
41.9372 64.5776
37.9952 60.805
35.1771 58.5445
32.2398 58.1622
30.8443 58.0097
29.7364 58.3609
27.1744 58.2756
25.9498 58.2842
24.9286 58.7282
23.7126 58.6907
21.5815 59.2946
20.934 60.7968
19.075 71.1887
18.8699 75.6831
17.5462 76.0009
16.3626 76.9802
13.2494 75.1408
12.3114 77.7311
10.7024 76.1516
9.55456 77.8156
6.79815 77.7032
5.39218 77.1117
4.04557 77.1941
1.36129 77.9881
---------------------------
48
-0 71.7
-1.25832 72.089
-3.82052 72.9
-5.09222 72.8222
168.393 61.29
130.327 60.7725
128.348 62.5994
79.2837 57.603
75.4711 56.8715
73.2062 57.195
54.619 45.8308
51.9995 45.2025
50.1709 46.7851
47.4764 45.8475
46.3155 46.3155
44.0571 47.2454
43.0251 47.7842
41.5285 47.7731
39.3955 48.6493
37.9247 48.5415
36.47 48.3973
34.644 49.4768
33.272 49.3277
32.2971 49.7332
30.8943 49.4412
28.95 50.1429
27.9735 50.4656
27.0885 50.9461
25.294 51.8604
24.1315 51.7502
23.2247 52.1634
22.467 52.929
20.6062 53.6809
19.7346 54.2203
18.9155 54.9346
18.0775 55.6368
16.4004 57.1951
15.6327 58.3419
15.362 61.6138
14.8468 64.3084
14.5746 68.5681
11.3259 71.5086
10.0205 71.2993
7.63058 72.6001
6.28393 71.8256
5.00154 71.5253
3.73679 71.3021
1.2461 71.3891
---------------------------
41
-1.2461 71.3891
128.877 60.0963
78.3128 56.8976
75.4711 56.8715
70.5649 57.1423
67.7183 56.8224
49.2932 45.9667
47.2606 45.6391
45.0833 46.6852
43.3751 46.5141
41.8876 46.5209
39.5957 47.1883
38.011 46.9396
37.186 47.5959
34.9732 48.1365
33.6689 48.0842
32.3773 48.0013
31.3167 48.2236
29.4087 48.9443
28.35 49.1036
27.1493 48.9787
25.5597 50.1637
24.5049 50.2426
23.5821 50.572
21.9982 51.8244
21.1653 52.3859
20.3195 52.934
19.7346 54.2203
17.8303 54.876
17.1622 56.1351
16.4555 57.3873
15.6844 58.5351
15.3862 61.7108
11.9644 67.8533
11.1694 70.521
8.73803 71.1656
7.56786 72.0034
6.31008 72.1245
4.98061 71.2261
3.70539 70.703
1.25657 71.989
---------------------------
37
75.0717 56.5706
71.4197 57.8345
69.4802 58.3008
65.2824 56.7491
61.9457 57.7653
59.3455 57.3093
43.5604 48.3787
41.3955 49.3333
39.5213 48.8048
37.9247 48.5415
35.9137 49.4309
34.2425 48.9034
33.1601 49.1619
31.2122 49.95
29.7177 49.4586
28.65 49.6233
27.8766 50.2906
25.8321 50.6983
25.031 51.3211
24.047 51.5689
22.3107 52.5608
21.9145 54.2403
20.8212 54.241
18.9806 55.1237
18.3247 56.3977
17.4546 57.0914
16.6485 58.0602
16.2538 60.6601
14.4868 62.7494
13.7222 64.5577
12.9178 66.4562
12.1206 68.7396
10.0344 71.3983
7.56786 72.0034
6.33622 72.4234
5.09222 72.8222
2.54766 72.9555
---------------------------
36
126.55 61.7227
93.0086 60.4005
80.2769 56.2105
77.3079 58.2557
74.1518 57.9337
72.1969 58.4639
64.5793 58.1475
62.3113 58.1063
59.8491 57.7956
57.2398 59.2736
54.0143 57.9232
50.5165 58.1126
47.6306 56.7639
35.3323 50.4598
33.0051 50.8234
31.6362 50.6285
30.5418 50.83
28.2644 50.9903
27.7458 52.1822
26.2861 51.5893
25.4694 52.2199
23.5501 52.8943
22.7796 53.6654
22.1392 54.7966
21.3946 55.7348
19.4364 56.4475
18.8191 57.9193
18.0101 58.9084
17.5305 61.1362
15.5072 62.196
14.7793 64.0161
14.0756 66.2206
13.3757 68.8121
11.2633 71.1136
10.6467 75.7555
8.87209 72.2574
---------------------------
32
128.786 60.0541
106.868 61.7
79.85 58.0144
77.7871 58.6168
74.7614 60.5406
71.5486 60.0364
68.1503 59.2421
65.9913 59.4188
61.8632 59.7406
59.2556 59.2556
57.2398 59.2736
53.7981 59.7488
51.435 59.1692
49.3661 58.8322
33.0051 50.8234
31.1083 51.7729
29.85 51.7017
28.6522 51.69
27.6519 52.0056
25.9077 53.1187
25.0613 53.7441
23.8754 53.6251
23.3266 54.9541
21.7171 56.575
20.5896 56.5695
20.055 58.2439
18.1563 59.3865
17.3927 60.6556
16.6679 62.2056
16.0394 64.3306
14.138 66.514
13.3185 68.5176
---------------------------
29
104.489 62.7831
88.878 62.233
79.2246 59.7001
76.7523 59.9654
71.1655 59.715
67.4776 60.7571
64.5785 60.2205
62.151 60.0185
58.4902 60.5684
55.9239 59.971
53.7981 59.7488
45.5589 58.3128
32.2721 51.6461
29.0401 52.3897
27.9336 52.5354
26.9216 52.8367
25.9077 53.1187
24.2822 54.5387
23.7565 55.9667
22.7012 56.1873
21.8963 57.0418
19.9573 57.9603
19.19 59.0606
18.3609 60.0559
17.751 61.9053
16.0394 64.3306
15.0942 65.3802
14.5746 68.5681
13.6238 70.0882
---------------------------
26
126.55 61.7227
79.7038 60.0611
70.1125 60.9479
63.5546 59.2657
61.094 61.094
58.1429 60.2087
56.4695 60.5561
53.3376 61.3579
42.4969 58.4919
33.3849 53.427
29.8643 53.8766
28.2152 53.0651
27.8296 54.6187
25.2303 54.1066
24.5669 55.1781
23.7565 55.9667
22.8885 56.6509
21.4105 58.8248
20.3806 59.1895
19.4063 59.7263
18.5656 60.7254
16.7456 62.4954
15.9185 63.8455
15.2967 66.2572
14.6994 69.155
13.7573 70.7753
---------------------------
29
130.055 60.6457
79.7038 60.0611
76.6734 59.9039
70.1125 60.9479
62.2229 60.088
60.8112 60.8112
58.4902 60.5684
55.1364 61.2351
52.0255 59.8485
50.5874 60.2877
44.2936 58.7796
42.3793 58.3301
33.4379 53.5118
29.8158 53.7891
28.1213 52.8886
27.9204 54.7969
25.2303 54.1066
24.4855 54.9954
23.7565 55.9667
22.0038 57.3218
21.1368 58.073
20.3806 59.1895
19.499 60.0117
17.5305 61.1362
16.7974 62.6886
16.0878 64.5247
15.4991 67.1341
13.4902 69.401
11.5918 73.1877
---------------------------
34
105.946 63.6587
92.5206 62.4059
80.659 58.6022
79.2246 59.7001
75.2277 60.9182
72.0082 60.422
69.7352 60.6199
65.383 60.9707
62.151 60.0185
59.8919 59.8919
57.0833 61.2143
54.8687 60.9379
51.7631 59.5466
46.4824 59.4948
42.732 58.8155
34.8024 53.591
32.2414 53.6587
29.6219 53.4393
27.1032 53.1931
26.2584 53.8378
24.2822 54.5387
23.522 55.4144
22.8135 56.4655
22.1471 57.6953
21.2395 58.3549
19.3445 59.5361
18.5071 60.5341
17.7235 61.8091
17.0821 63.7511
15.2292 65.9649
14.5122 68.2747
13.681 70.3827
12.7979 72.5803
12.0924 76.3483
---------------------------
34
126.64 61.7665
121.711 62.0151
88.4684 61.9463
79.7038 60.0611
77.6979 60.7042
74.6837 60.4777
70.8672 61.6039
67.8491 61.0916
63.9934 59.6749
62.151 60.0185
58.4902 60.5684
56.7423 60.8486
53.3376 61.3579
50.6517 60.3643
48.3947 59.7625
42.9083 59.0582
34.8024 53.591
33.8088 54.1055
31.8294 52.9729
28.9431 52.2148
28.2152 53.0651
27.5118 53.995
25.3994 54.4691
24.3635 54.7214
23.7565 55.9667
22.8885 56.6509
21.0684 57.8851
20.2829 58.9058
19.499 60.0117
18.5656 60.7254
16.9526 63.2681
16.0394 64.3306
15.1617 65.6725
14.5746 68.5681
---------------------------
31
79.624 60.001
77.2251 60.3348
70.5653 61.3415
67.4032 60.6901
63.158 60.991
60.2455 60.2455
58.1429 60.2087
53.5344 61.5843
46.9134 60.0464
44.5343 59.099
42.5557 58.5728
36.739 54.4678
34.748 53.5072
33.014 52.8334
30.8 53.3472
29.7188 53.6142
28.1213 52.8886
26.2584 53.8378
25.3148 54.2878
24.4449 54.9041
22.7761 56.3728
22.0755 57.5086
21.3079 58.5429
20.3806 59.1895
18.5071 60.5341
17.5305 61.1362
16.875 62.9784
16.1604 64.8158
15.7691 68.3033
13.6047 69.99
11.9672 75.5582
---------------------------
34
121.801 62.0605
104.489 62.7831
80.7399 58.661
77.6191 60.6427
74.3729 60.226
71.6252 60.1006
67.5519 60.824
65.3099 60.9025
62.5106 60.3658
58.4902 60.5684
56.4695 60.5561
54.1327 60.1204
48.3318 59.6848
46.2362 59.1796
35.7324 52.9755
33.4379 53.5118
31.8294 52.9729
30.8 53.3472
28.0275 52.712
27.3756 53.7277
26.4776 54.2872
24.2822 54.5387
23.6783 55.7826
22.8135 56.4655
21.968 57.2285
20.2178 58.7167
19.3445 59.5361
18.4487 60.3428
17.751 61.9053
15.9668 64.0395
15.2292 65.9649
14.5122 68.2747
13.681 70.3827
12.9715 73.5651
---------------------------
29
87.895 61.5448
79.2246 59.7001
76.2794 59.596
70.188 61.0135
62.8703 60.7131
60.5283 60.5283
58.1429 60.2087
55.9239 59.971
53.5344 61.5843
48.5835 59.9957
42.9083 59.0582
34.9114 53.7588
33.014 52.8334
30.9 53.5204
29.3795 53.002
28.5439 53.6832
27.0124 53.0149
25.3148 54.2878
24.3635 54.7214
23.6783 55.7826
23.0758 57.1145
21.0684 57.8851
20.2178 58.7167
19.5608 60.2019
17.5857 61.3285
16.7197 62.3988
16.0878 64.5247
15.7466 68.2059
14.6994 69.155
---------------------------
34
79.1448 59.6399
77.2251 60.3348
71.7018 60.1649
69.3578 60.2918
66.3628 59.7534
62.7984 60.6437
60.1748 60.1748
57.0833 61.2143
55.0695 61.1608
51.6975 59.4711
46.4824 59.4948
44.5343 59.099
42.3793 58.3301
36.739 54.4678
34.748 53.5072
33.2789 53.2574
30.8 53.3472
29.3795 53.002
27.194 53.3713
26.2584 53.8378
25.2303 54.1066
24.4449 54.9041
22.7761 56.3728
22.0396 57.4152
21.2395 58.3549
20.3806 59.1895
18.3609 60.0559
17.5857 61.3285
17.0044 63.4613
16.1604 64.8158
15.6341 67.7187
13.4902 69.401
12.4679 70.7092
11.9203 75.2618
---------------------------
30
80.8208 58.7197
78.0919 61.0121
71.5486 60.0364
65.0173 60.6297
62.7984 60.6437
58.7681 60.8561
56.8105 60.9218
54.6011 60.6406
48.143 59.4517
45.9899 58.8644
44.113 58.54
33.7029 53.9359
32.2414 53.6587
31.4 54.3864
28.45 53.5066
27.194 53.3713
26.2584 53.8378
24.3635 54.7214
23.6783 55.7826
22.8885 56.6509
21.968 57.2285
21.2395 58.3549
19.3445 59.5361
18.5071 60.5341
17.7235 61.8091
15.9185 63.8455
15.2292 65.9649
14.5746 68.5681
13.681 70.3827
11.5292 72.7926
---------------------------
31
94.8536 61.5987
79.624 60.001
76.7523 59.9654
72.0082 60.422
70.4144 61.2103
67.3289 60.6232
62.7984 60.6437
60.5283 60.5283
58.4208 60.4965
55.7193 59.7516
53.272 61.2824
46.4824 59.4948
42.732 58.8155
34.748 53.5072
33.4379 53.5118
30.8 53.3472
29.3795 53.002
28.1213 52.8886
26.3461 54.0175
25.2303 54.1066
24.4449 54.9041
23.4829 55.3223
22.0755 57.5086
21.2395 58.3549
20.2829 58.9058
18.4487 60.3428
17.5305 61.1362
16.7974 62.6886
16.0878 64.5247
15.4316 66.8418
13.452 69.2047
---------------------------
31
80.2545 58.3083
77.6979 60.7042
75.694 61.2958
71.6252 60.1006
65.3099 60.9025
62.2229 60.088
58.4902 60.5684
56.4695 60.5561
54.8018 60.8636
51.6318 59.3956
48.3947 59.7625
46.1746 59.1008
33.4379 53.5118
31.8294 52.9729
30.65 53.0874
29.0401 52.3897
27.194 53.3713
26.2584 53.8378
25.2303 54.1066
23.4048 55.1382
22.7761 56.3728
21.8246 56.855
21.0684 57.8851
19.2827 59.3459
18.4487 60.3428
17.6684 61.6169
16.875 62.9784
15.1617 65.6725
14.3875 67.6878
13.681 70.3827
12.7979 72.5803
---------------------------
33
125.741 61.3281
121.711 62.0151
79.2246 59.7001
77.6979 60.7042
74.7614 60.5406
71.5486 60.0364
67.8491 61.0916
61.8632 59.7406
58.4902 60.5684
56.1967 60.2635
54.0658 60.0461
47.5137 58.6745
45.7436 58.5492
42.732 58.8155
36.1239 53.5558
33.1729 53.0878
31.6748 52.7158
30.3 52.4811
28.2152 53.0651
27.1032 53.1931
26.1708 53.658
24.2008 54.356
23.4048 55.1382
22.7012 56.1873
21.968 57.2285
20.1201 58.433
19.2518 59.2508
18.7118 61.2035
16.5903 61.9158
15.9668 64.0395
15.1617 65.6725
14.5746 68.5681
13.681 70.3827
---------------------------
30
79.624 60.001
70.8672 61.6039
66.1399 59.5526
63.8472 59.5385
60.5283 60.5283
57.5872 59.6333
56.1967 60.2635
53.2064 61.2069
49.6875 59.2152
47.7654 58.9854
42.4969 58.4919
34.639 53.3394
32.855 52.579
30.45 52.7409
29.0401 52.3897
28.0275 52.712
25.9077 53.1187
25.2303 54.1066
24.1195 54.1732
23.4048 55.1382
21.7171 56.575
20.9658 57.6032
20.1201 58.433
19.19 59.0606
18.6533 61.0122
16.5903 61.9158
15.8943 63.7484
15.2967 66.2572
14.6994 69.155
11.4823 72.4963
---------------------------
31
78.7455 59.339
76.6734 59.9039
71.6252 60.1006
69.7352 60.6199
66.4371 59.8203
62.7984 60.6437
58.1429 60.2087
54.6011 60.6406
51.6975 59.4711
49.6875 59.2152
44.5343 59.099
34.748 53.5072
32.749 52.4094
30.4 52.6543
28.8462 52.0399
27.8397 52.3588
25.9077 53.1187
25.2303 54.1066
24.2822 54.5387
23.3266 54.9541
21.6454 56.3883
20.8974 57.4152
20.055 58.2439
19.2827 59.3459
17.4478 60.8479
16.7197 62.3988
16.0394 64.3306
15.2967 66.2572
13.433 69.1066
12.5721 71.3001
11.7482 74.1754
---------------------------
34
169.427 61.6662
130.236 60.7302
79.624 60.001
76.7523 59.9654
73.0517 59.1561
66.7344 60.0879
63.5546 59.2657
60.1748 60.1748
57.865 59.921
56.1967 60.2635
52.7471 60.6787
49.6875 59.2152
47.7654 58.9854
44.7149 59.3386
34.639 53.3394
32.643 52.2398
31.4688 52.3729
29.4764 53.1769
28.0275 52.712
26.9216 52.8367
25.1458 53.9253
24.1195 54.1732
23.3266 54.9541
21.6454 56.3883
20.5554 56.4755
20.055 58.2439
19.0972 58.7753
18.3025 59.8647
16.6679 62.2056
15.8943 63.7484
14.9143 64.6007
14.5746 68.5681
12.4506 70.6107
11.5292 72.7926
---------------------------
33
129.965 60.6035
80.1031 60.362
77.1463 60.2733
72.3912 60.7434
70.1125 60.9479
67.106 60.4225
63.189 58.9247
60.4576 60.4576
58.1429 60.2087
55.6511 59.6785
51.9599 59.773
49.6875 59.2152
47.4508 58.5968
44.7149 59.3386
34.4757 53.0878
32.749 52.4094
31.3143 52.1158
29.2825 52.827
28.0275 52.712
26.9216 52.8367
25.1458 53.9253
24.1195 54.1732
23.2485 54.77
21.4662 55.9215
20.829 57.2273
19.8922 57.7712
19.19 59.0606
18.3902 60.1516
16.6679 62.2056
15.8943 63.7484
15.0942 65.3802
14.5746 68.5681
11.5292 72.7926
---------------------------
30
78.6656 59.2788
76.6734 59.9039
72.3912 60.7434
68.6031 59.6358
66.3628 59.7534
62.7984 60.6437
59.8212 59.8212
57.865 59.921
54.6011 60.6406
49.6875 59.2152
44.7149 59.3386
34.2033 52.6685
31.8294 52.9729
30.3 52.4811
29.0401 52.3897
28.0275 52.712
26.1708 53.658
25.2303 54.1066
24.1195 54.1732
23.6002 55.5985
21.5379 56.1082
20.7264 56.9454
20.1201 58.433
19.19 59.0606
17.4478 60.8479
16.6421 62.109
15.991 64.1365
15.2967 66.2572
13.4902 69.401
11.4823 72.4963
---------------------------
35
103.203 62.0106
97.8648 61.1527
80.1736 58.2495
78.6656 59.2788
73.9843 59.9113
71.9316 60.3578
68.905 59.8982
62.151 60.0185
59.8919 59.8919
56.8105 60.9218
53.0621 58.9314
47.9542 59.2185
45.9899 58.8644
43.8121 58.1407
37.684 53.8183
35.5647 52.7268
33.014 52.8334
31.4688 52.3729
30.4 52.6543
28.7492 51.8649
27.1032 53.1931
25.9954 53.2985
25.0613 53.7441
24.2822 54.5387
22.364 55.3529
21.7171 56.575
20.829 57.2273
18.9427 58.2998
18.1563 59.3865
17.4478 60.8479
16.7974 62.6886
16.112 64.6217
14.2004 66.8075
13.4902 69.401
12.5721 71.3001
---------------------------
31
94.0988 61.1085
79.624 60.001
76.7523 59.9654
72.0848 60.4863
66.4371 59.8203
62.7984 60.6437
60.1748 60.1748
58.1429 60.2087
55.9239 59.971
49.6232 59.1386
47.5137 58.6745
44.8954 59.5782
35.7324 52.9755
34.639 53.3394
32.643 52.2398
30.45 52.7409
29.0401 52.3897
28.0275 52.712
26.0831 53.4782
25.188 54.0159
24.1195 54.1732
23.3266 54.9541
21.5379 56.1082
20.829 57.2273
19.8922 57.7712
19.0972 58.7753
17.1998 59.9827
16.6679 62.2056
15.9185 63.8455
15.2967 66.2572
13.3757 68.8121
---------------------------
32
105.86 63.6072
96.5927 60.3578
81.1444 58.9549
77.2251 60.3348
73.9066 59.8484
71.5486 60.0364
61.8632 59.7406
58.2124 60.2807
56.4695 60.5561
53.0621 58.9314
47.9542 59.2185
45.9283 58.7856
35.9561 53.3071
33.5439 53.6814
31.7263 52.8015
30.45 52.7409
28.1213 52.8886
27.1032 53.1931
26.3461 54.0175
24.2008 54.356
23.3266 54.9541
22.7012 56.1873
21.8246 56.855
19.9573 57.9603
19.0972 58.7753
18.3025 59.8647
17.7235 61.8091
16.875 62.9784
14.8468 64.3084
14.3875 67.6878
13.6047 69.99
12.6763 71.891
---------------------------
31
79.2246 59.7001
76.2794 59.596
71.9316 60.3578
70.8672 61.6039
66.3628 59.7534
62.5106 60.3658
60.4576 60.4576
57.5872 59.6333
56.1967 60.2635
51.7631 59.5466
48.2059 59.5294
44.9556 59.6581
42.7908 58.8964
40.2077 57.4226
33.9678 54.3599
31.55 54.6462
29.9612 54.0515
28.2152 53.0651
27.5118 53.995
25.3148 54.2878
24.6482 55.3609
23.7565 55.9667
21.8963 57.0418
21.1368 58.073
20.2178 58.7167
19.4063 59.7263
17.5305 61.1362
16.7456 62.4954
16.1604 64.8158
15.4991 67.1341
13.4902 69.401
---------------------------
31
88.3865 61.8889
80.3354 58.3671
77.7072 58.5566
73.5957 59.5966
71.5486 60.0364
68.905 59.8982
64.9442 60.5615
61.8632 59.7406
56.4695 60.5561
53.0621 58.9314
51.2382 58.9428
49.6875 59.2152
46.1746 59.1008
44.113 58.54
42.3205 58.2492
34.8681 58.0302
31.9 55.2524
31.0763 56.0631
27.9658 54.886
27.1352 55.6354
25.7375 55.1941
25.5431 57.3707
23.3755 57.8563
22.6847 59.0956
21.6499 59.4825
19.6535 60.4872
18.8287 61.586
17.9716 62.6743
17.2891 64.5238
16.6684 66.8534
14.9073 70.1332
---------------------------
30
79.1448 59.6399
77.6191 60.6427
74.7614 60.5406
70.4899 61.2759
68.295 61.4931
65.9681 61.5163
61.8011 61.8011
59.3933 61.5036
57.0833 61.2143
53.7968 61.8862
51.423 61.2836
49.7792 61.4722
48.0216 61.4648
43.5549 59.9482
42.4447 60.6173
40.9888 60.7685
38.1542 61.0595
36.5677 60.8589
34.75 60.1888
32.6283 61.3649
30.7352 60.3211
29.4147 60.3091
28.3577 60.8133
26.1008 61.4897
24.9113 61.6577
24.2615 63.2034
22.041 64.0116
21.1986 65.2425
20.6707 67.6107
19.6805 68.6341
---------------------------
20
78.8803 63.876
77.8301 65.3072
75.7728 65.8683
74.1659 66.7792
70.855 68.4239
67.953 67.953
65.3673 67.6899
57.1438 68.1014
53.5625 68.5569
51.9968 69.0021
50.5495 69.5755
48.5246 69.3003
45.6408 70.2806
44.1423 70.6424
34.8167 78.1995
33.6029 79.1634
32.0663 79.3669
29.6873 81.5653
28.4547 82.6383
27.4716 84.5489
