---------------------------
20
103.744 67.3718
93.1009 62.7974
89.0418 62.3478
85.8533 64.6951
83.0563 64.8907
83.9318 67.9666
75.7728 65.8683
74.8347 67.3815
66.48 61.9937
63.2153 63.2153
60.8521 63.0142
59.5385 63.8472
57.4708 66.1126
56.7581 67.6417
56.7647 70.0986
56.8256 72.7334
56.1923 77.342
56.5344 83.8157
55.3353 85.2089
53.5125 89.0597
---------------------------
21
108.889 68.0416
100.221 65.0844
92.0232 62.0704
87.2929 63.422
84.6554 63.7924
84.6324 66.122
80.6645 67.6855
75.32 65.4747
74.5374 67.1138
63.5177 61.3383
63.1446 63.1446
60.2269 62.3668
59.0611 63.3352
57.2083 65.8107
56.8867 67.7949
56.8276 70.1763
56.5706 75.0717
56.0747 77.1802
55.1207 78.7205
53.0115 78.5928
51.7201 82.7695
---------------------------
22
110.832 66.5944
101.257 63.2724
91.9403 62.0145
87.7312 61.43
83.9366 63.2508
82.9775 64.8292
80.8232 65.4493
75.9916 63.7645
74.1659 66.7792
65.4562 61.0389
62.9422 60.7826
59.949 62.079
58.7883 63.0427
57.9467 64.3563
56.3082 67.1055
56.3242 69.5546
57.5028 73.6002
57.1724 75.8704
54.3177 77.5737
52.2286 77.4321
51.4684 79.2544
51.0312 81.667
---------------------------
22
109.46 65.7704
100.578 62.8484
91.1941 61.5112
87.0759 60.9712
84.7041 61.5411
82.5047 64.4598
79.8906 64.6941
75.9916 63.7645
73.72 66.3778
64.5054 60.1523
62.5106 60.3658
59.949 62.079
58.4473 62.677
57.5452 63.9105
56.8803 65.4333
55.8837 69.0106
57.5643 73.679
56.5104 74.9919
54.8991 75.5622
50.7747 75.2766
49.7255 76.5706
49.4945 79.2077
---------------------------
23
109.975 66.0794
100.578 62.8484
91.1941 61.5112
87.0759 60.9712
85.1895 61.8938
82.4259 64.3982
79.8129 64.6312
75.3788 63.2503
73.5713 66.2439
65.383 60.9707
62.4387 60.2963
59.8101 61.9352
58.4473 62.677
57.5452 63.9105
56.9459 65.5088
55.9466 69.0883
57.8722 74.073
55.8484 74.1134
52.1381 74.4609
50.2714 74.5305
49.1264 75.6481
48.4876 77.5964
45.75 79.2413
---------------------------
23
101.257 63.2724
91.277 61.5671
87.4035 61.2006
84.7041 61.5411
83.0563 64.8907
77.9477 63.1208
75.6852 63.5074
73.7943 66.4447
65.7487 61.3117
62.6545 60.5047
59.8101 61.9352
58.7201 62.9696
57.6791 64.0591
56.0511 66.7991
56.3242 69.5546
57.6259 73.7578
56.029 74.353
52.6543 75.1982
50.2714 74.5305
49.78 76.6545
47.4278 75.9003
46.2 80.0208
44.2631 79.8528
---------------------------
26
103.207 64.4912
91.9403 62.0145
88.5503 62.0036
85.4322 62.0701
81.7955 63.9057
81.7558 66.2045
76.8343 64.4716
73.72 66.3778
65.7487 61.3117
63.3019 61.1299
60.4353 62.5826
58.9247 63.189
58.0805 64.505
56.1154 66.8757
56.5759 69.8654
58.0569 74.3094
56.5104 74.9919
52.7117 75.2801
50.551 74.945
49.7255 76.5706
45.9929 76.545
44.9 77.7691
44.554 80.3776
43.2383 81.3195
17.7936 77.0727
16.4458 77.3715
---------------------------
33
151.987 87.75
108.55 67.8297
99.5502 64.6487
90.844 63.6096
86.8884 63.1281
84.0963 63.3711
80.9786 65.5752
80.1283 67.2356
78.9426 68.6238
73.72 66.3778
64.5967 62.3803
61.8011 61.8011
60.2205 64.5785
58.0805 64.505
57.274 65.8861
56.951 67.8715
56.8256 72.7334
56.8113 75.3912
55.4282 76.2903
52.0807 74.379
49.4532 76.1513
47.3748 75.8155
46.0959 76.7165
43.8268 79.0656
42.4402 79.8185
42.4027 83.22
40.9877 84.0372
29.5505 81.1894
29.7569 86.4204
22.9219 74.9743
18.6038 74.6157
15.427 72.5786
12.374 78.1261
---------------------------
37
104.666 67.971
98.241 66.2644
91.4174 64.0111
86.7318 65.3571
83.5291 65.2601
81.2895 65.8269
78.3389 68.0989
77.2871 69.5896
76.719 71.5416
62.4375 62.4375
60.2963 62.4387
58.9247 63.189
57.602 66.2635
56.8224 67.7183
56.6388 69.9431
56.8871 72.8122
55.5457 76.4521
53.4 76.2631
50.8866 75.4424
49.2295 78.7837
46.0959 76.7165
44.3 76.7299
42.9057 77.4038
41.0861 80.6361
41.2069 84.4866
39.9374 85.6461
38.7213 86.9695
31.6439 82.4352
31.2264 85.7939
28.4296 87.4972
23.0389 75.3568
21.4997 74.9784
18.7973 75.392
17.4787 75.7085
15.8637 74.6327
11.0086 78.3302
9.55456 77.8156
---------------------------
38
114.062 71.2741
104.044 70.1787
97.3153 68.1409
91.4998 66.4785
86.2084 67.3534
83.3878 67.5261
81.1241 68.0712
78.9426 68.6238
76.4996 71.337
76.7536 74.12
60.991 63.158
59.4021 63.7009
58.482 64.9509
57.93 66.6409
56.45 69.71
56.5793 72.4182
55.2466 73.3147
50.9336 72.7407
49.7122 73.7014
49.8345 76.7384
47.8517 76.5787
44.8 77.5959
42.7602 77.1415
41.6891 78.4057
38.752 79.4534
38.2047 81.9302
38.518 86.5127
37.6274 88.6446
33.5074 87.2898
29.5163 81.0955
30.7336 89.257
29.3875 90.4455
22.1612 77.2854
20.602 76.8877
17.7036 76.6829
16.3626 76.9802
15.0167 77.2541
9.68861 78.9074
---------------------------
41
110.956 72.0557
102.148 71.525
96.1112 69.8289
90.8847 68.4865
85.2529 69.0364
82.3498 69.0997
80.9803 70.3951
76.8653 71.678
76.25 73.6338
63.9225 63.9225
62.1025 64.309
59.4857 66.0656
58.6517 67.471
58.0437 69.1738
56.5177 72.3394
57.1724 75.8704
53.3709 73.4587
49.0412 72.7066
47.0023 72.3773
48.9115 78.2748
46.4564 77.3165
43.342 78.191
41.9238 78.8472
40.3598 79.2105
39.2342 80.4421
37.7858 84.8684
36.1036 85.0546
34.239 84.7446
30.0294 82.505
28.5198 82.8274
27.4716 84.5489
22.5196 78.5351
21.042 78.5298
19.4505 78.0118
16.7161 78.6431
15.341 78.9228
13.8919 78.7846
12.5773 79.4101
9.65205 78.6096
8.40409 79.9596
5.81071 83.0971
---------------------------
38
107.941 72.8069
99.9945 72.6503
93.9195 70.7734
89.0452 69.5697
84.5713 70.9638
81.886 71.1824
79.1449 71.2624
77.5235 72.2918
76.4382 76.4382
63.6307 65.8915
61.0916 67.8491
59.3733 68.3012
58.5579 69.7867
57.9604 71.5751
57.2326 75.9502
55.7808 76.7757
52.4249 74.8705
50.551 74.945
45.997 73.6106
44.2933 73.7164
45.9 79.5011
42.2055 79.377
40.7683 80.0124
39.3657 80.7117
38.4583 82.474
35.9473 84.6864
34.5762 85.5791
32.1456 83.7422
28.7802 83.5838
28.3987 87.4021
26.4304 86.45
21.689 80.9446
19.8376 79.5642
18.446 79.8983
11.3148 80.5088
9.73736 79.3044
8.45635 80.4568
7.15549 81.7876
---------------------------
41
111.257 75.0437
104.36 73.0736
97.2738 73.3011
91.1728 71.232
87.8952 71.1761
83.6218 72.6913
81.4487 73.3367
78.9862 73.6558
76.3675 76.3675
64.9506 67.2583
63.4258 68.0159
60.6199 69.7352
59.3293 70.7059
58.4009 72.1191
56.8113 75.3912
57.603 79.2837
54.4898 77.8194
49.78 76.6545
47.6397 76.2395
45.7354 76.1165
43.65 75.604
42.9097 80.7014
41.8125 82.0617
39.8041 81.6105
38.9231 83.4709
35.8691 84.5023
35.1756 87.0626
33.2565 86.6363
31.0896 85.4181
27.8115 85.5951
27.0151 88.3626
23.7048 82.6685
20.5876 82.5722
18.9634 82.1394
17.2359 81.0884
14.5517 82.5269
13.031 82.2744
11.5374 82.0932
8.49816 80.8546
7.19035 82.1861
5.90837 84.4937
---------------------------
41
114.076 76.9449
107.391 75.1959
99.5898 75.0463
95.3493 74.495
89.8381 72.7494
84.9048 73.8066
82.4891 74.2735
80.522 75.088
78.3361 75.6483
76.5513 79.2712
75.4972 80.9609
61.4727 70.7163
59.8435 71.3187
58.7785 72.5854
58.3031 74.6246
56.8976 78.3129
56.0958 80.1131
53.1233 78.7586
49.0175 78.4445
46.5079 77.4022
44.9 77.7691
45.5721 82.2143
42.1303 82.6854
40.2863 82.5992
39.2612 84.196
36.7287 86.5275
35.3629 87.5262
34.1883 89.0636
31.5685 86.7336
28.306 87.1168
27.6291 90.3708
24.5042 85.4562
21.144 84.8038
19.5258 84.5753
17.7764 83.6316
14.7254 83.5117
13.3126 84.0523
11.7184 83.3806
8.66541 82.4459
7.34723 83.9792
5.99208 85.6908
---------------------------
39
109.93 76.974
103.797 75.4128
96.6889 75.5417
91.0038 73.6934
87.7121 73.5992
83.8267 75.4779
81.6922 76.1792
80.2064 77.4544
78.9131 78.9131
75.5654 81.034
67.1138 74.5374
62.26 71.6219
59.5337 73.518
58.4878 74.861
58.1353 77.1482
56.9561 81.3418
55.4719 82.2405
52.0675 80.1769
49.4945 79.2077
47 81.4064
46.5902 84.051
44.412 83.5268
41.6891 85.4753
39.7261 85.1929
38.762 87.0609
35.5876 88.0825
34.5825 90.0905
32.3893 88.9889
30.1802 87.6496
27.8045 90.9446
26.3509 91.8966
23.2678 86.8367
19.9981 86.6215
18.2546 85.8814
16.5813 85.3034
11.9689 85.1631
10.3711 84.4657
7.48668 85.5731
6.09672 87.1871
---------------------------
43
134.147 80.6035
125.935 78.693
119.713 80.7475
110.995 77.7196
104.606 76.0006
98.8953 77.2655
95.3558 77.2176
89.5506 75.1419
86.1124 74.8563
81.6191 76.111
82.3644 79.5384
78.9838 78.9838
73.2466 78.5474
72.333 80.334
63.8288 76.0682
60.4777 74.6837
59.596 76.2794
58.2557 77.3079
56.4973 80.6865
55.8634 82.8209
53.3746 82.1897
51.2962 82.0911
49.55 85.8231
47.2205 85.188
45.6796 85.9108
42.1275 86.3741
40.4446 86.7337
39.1281 87.8831
37.5883 88.5526
34.9409 91.0241
32.6287 89.6467
30.7336 89.257
27.6876 90.5621
26.5439 92.5695
23.6561 88.2856
21.8697 87.7147
18.5873 87.4464
16.8675 86.7758
15.5241 88.0418
12.1637 86.5494
10.5295 85.756
9.13579 86.9212
6.23623 89.1822
---------------------------
44
133.632 80.2944
123.645 77.2622
115.899 78.1752
110.995 77.7196
105.253 76.4709
99.0529 77.3886
96.0552 77.784
90.8529 76.2346
85.6846 77.1508
83.74 78.0888
83.5154 80.6498
79.4788 79.4788
74.065 79.425
72.7345 80.7798
65.2123 75.0181
61.2958 75.694
60.7042 77.6979
59.0381 78.3461
56.612 80.8503
57.0936 84.6447
54.0282 83.1961
52.25 83.6175
50.2 86.949
47.8992 86.4124
46.6185 87.6767
42.4343 87.0033
41.1208 88.1838
39.4941 88.7053
37.8618 89.1969
35.3351 92.051
33.4838 91.9959
31.1243 90.3916
27.9215 91.3271
26.8471 93.6269
23.7855 88.7686
22.1117 88.685
18.6913 87.9355
17.0583 87.7575
15.6804 88.9281
12.3029 87.5397
10.7611 87.6418
9.29258 88.413
7.87888 90.056
4.86201 92.7727
---------------------------
43
133.461 80.1914
125.935 78.693
118.085 76.6852
111.077 77.777
106.952 77.7052
101.826 76.7314
96.0552 77.784
91.3891 76.6846
87.7727 76.2997
84.8671 76.4147
81.5012 78.7048
80.398 80.398
78.5659 81.3573
73.0691 81.1514
66.5244 76.5275
63.5074 75.6852
60.6427 77.6191
60.0611 79.7038
58.7197 80.8208
58.5048 83.5535
55.88 86.0476
52.568 84.1264
51.4523 85.631
48.9658 88.3366
46.6185 87.6767
44.4911 87.3186
43.5303 89.2503
39.6975 89.162
38.6433 91.0379
37.0486 91.6985
33.7916 92.8416
31.4499 91.3371
29.6965 91.3965
28.8571 94.3873
24.1996 90.3141
22.3536 89.6553
20.5605 89.0574
17.2491 88.7391
15.611 88.5342
14.0635 88.7932
10.8951 88.7336
9.39711 89.4075
7.92246 90.5541
---------------------------
45
141.251 78.2968
133.974 77.35
126.953 79.3289
119.427 77.5566
113.247 76.3858
107.114 77.8228
101.826 76.7314
98.0285 76.5883
92.5382 77.6488
88.5274 76.9557
85.313 76.8162
81.717 78.9132
80.4688 80.4688
77.8712 80.638
77.6114 83.2281
71.9041 82.7162
64.5359 76.9109
61.9881 76.5489
59.339 78.7455
58.1907 80.0927
58.1607 83.062
56.814 84.2302
52.8859 84.6352
50.8858 84.6881
51.1 88.5078
46.8533 88.1182
45.0359 88.3878
43.1357 88.4413
39.6975 89.162
38.7215 91.222
37.0111 91.6058
35.9443 93.6381
32.0685 93.1336
30.0365 92.4427
29.0033 94.8654
27.0125 94.2036
22.6197 90.7226
20.7855 90.0318
19.0031 89.4027
15.7152 89.1251
14.2199 89.7809
10.9561 89.2299
9.49118 90.3026
7.97475 91.1518
6.52223 93.2722
---------------------------
45
142.508 75.7727
133.714 77.2
128.747 77.3587
121.272 78.7548
114.822 77.4482
109.193 76.4577
103.184 77.7545
98.9742 77.3271
95.2781 77.1547
90.3932 75.8489
86.2791 77.6861
83.2281 77.6114
81.3573 78.5659
77.6628 80.4222
76.6566 82.2042
76.1471 84.5699
66.4642 79.209
61.9881 76.5489
60.027 76.831
59.2788 78.6656
57.5871 82.2429
57.7646 85.6396
55.0085 84.7057
50.7828 84.5167
48.95 84.7839
48.6749 87.8118
46.9472 88.2948
43.1796 88.5312
41.7124 89.4526
40.0636 89.9842
37.1235 91.8839
36.1235 94.1049
34.5782 95.0029
30.4382 93.6791
28.594 93.5266
27.5362 96.03
24.4584 91.28
21.0104 91.0062
19.211 90.3808
17.5353 90.2115
14.2825 90.1759
12.5812 89.5202
9.50164 90.402
8.00961 91.5503
6.59199 94.2698
---------------------------
45
145.068 77.1342
137.403 76.1636
133.455 77.05
126.105 78.799
117.33 76.195
112.252 75.7147
106.224 77.1762
102.465 77.2129
98.1861 76.7114
91.4657 76.7488
88.0746 76.5621
84.8671 76.4147
81.2135 78.4269
78.9838 78.9838
77.3155 80.0625
76.7248 82.2773
71.9697 82.7916
63.8288 76.0682
60.0886 76.9099
58.8575 78.1066
58.2495 80.1736
58.6195 83.7173
55.88 86.0476
52.621 84.2112
50.4737 84.0024
48.35 83.7447
46.9002 88.2065
44.7635 87.8532
43.1796 88.5312
39.8195 89.4361
38.8387 91.4982
37.2359 92.1621
36.1593 94.1983
32.4266 94.1737
30.3146 93.2986
29.2079 95.5348
27.3432 95.3572
22.8858 91.79
21.1454 91.5908
19.2318 90.4787
16.0451 90.9962
14.5328 91.7562
11.1389 90.7187
9.71069 92.3911
6.55711 93.771
---------------------------
47
151.471 77.1784
142.684 75.8666
135.793 78.4
130.718 78.5433
127.038 79.3819
119.879 80.8593
110.995 77.7196
105.334 76.5296
101.107 76.1898
96.0552 77.784
90.8529 76.2346
87.3199 75.906
83.2281 77.6114
80.2064 77.4544
78.2767 78.2767
75.2244 80.6683
74.8088 83.0836
64.2938 73.9615
61.4217 75.8494
59.9654 76.7523
58.8575 78.1066
58.6022 80.659
58.5475 86.8002
55.88 86.0476
52.1441 83.4479
49.6497 82.6309
46.1539 83.2638
44.1303 82.9971
44.0371 86.4276
41.2475 88.4556
39.6975 89.162
38.7605 91.3141
37.1235 91.8839
34.5098 94.815
32.2964 93.7954
30.2528 93.1084
27.674 96.5107
25.0537 93.5016
22.8858 91.79
19.5437 91.9459
17.5353 90.2115
16.0451 90.9962
14.611 92.2501
12.7204 90.5105
9.65843 91.8938
8.19264 93.6423
6.66872 95.3671
---------------------------
46
154.413 75.3122
144.539 76.8525
138.89 76.9878
135.793 78.4
131.871 82.4025
121.039 81.6422
108.651 78.9396
103.264 77.8147
98.8166 77.2039
91.3891 76.6846
87.3199 75.906
84.3469 75.9463
81.5012 78.7048
78.0646 78.0646
75.8567 78.5519
74.8152 80.2295
65.0811 74.8672
62.6075 74.6127
60.9182 75.2277
58.8575 78.1066
57.8968 79.6882
57.9886 82.8163
56.7581 84.1473
52.409 83.872
49.8557 82.9738
47.15 81.6662
43.4261 81.6727
41.9487 82.329
41.6891 85.4753
38.4366 86.33
37.6274 88.6446
36.2619 89.7514
35.3351 92.051
32.3615 93.9846
30.1601 92.8231
28.594 93.5266
27.5362 96.03
23.1519 92.8573
21.2579 92.078
19.419 91.359
15.9235 90.3069
14.611 92.2501
11.3217 92.2075
9.71069 92.3911
8.23622 94.1404
6.82916 97.6615
---------------------------
44
162.592 75.8177
156.121 76.1451
150.045 76.452
145.537 80.6723
145.839 84.2
134.177 93.9518
105.58 79.5599
99.7622 77.9427
92.7912 75.1409
87.5463 76.1029
84.1983 75.8125
81.8385 76.3156
77.5696 77.5696
75.6483 78.3361
73.9968 79.3519
65.3071 72.5309
61.3862 73.1572
59.4708 73.4403
58.611 75.0186
57.5442 79.2028
57.7591 82.4886
56.3107 83.4841
53.4836 82.3574
49.8042 82.8881
47.2 81.7528
44.5055 80.2901
40.7683 80.0124
39.1904 80.3522
37.9511 81.3864
35.9082 84.5944
35.2505 87.248
34.2241 89.1569
33.2786 91.4321
29.8819 91.9672
28.0384 91.7096
27.1778 94.7804
25.6748 95.8198
21.5053 93.1498
19.6477 92.435
17.8216 91.684
12.6508 90.0154
9.65843 91.8938
8.19264 93.6423
6.66872 95.3671
---------------------------
38
134.095 93.8945
128.472 93.3403
99.1318 77.4502
93.8792 76.0219
88.4781 74.242
83.9754 75.6118
81.2534 75.77
78.1922 75.5094
74.8842 77.5448
73.1784 78.4743
65.8425 73.1255
60.0364 71.5486
58.6527 72.43
58.3031 74.6246
56.7512 75.3113
52.4249 74.8705
51.1102 75.774
49.1264 75.6481
45.9929 76.545
43.9 76.037
43.0511 77.6662
38.7708 76.092
37.13 76.1279
36.1761 77.5799
35.3047 79.2957
32.9654 81.5922
32.3606 84.3023
32.0815 88.1432
30.929 89.8243
27.8045 90.9446
25.9926 90.647
25.4937 95.1437
23.8777 95.7682
19.71 92.7284
18.2413 93.8436
11.3338 92.3068
9.82568 93.4851
6.62686 94.7686
---------------------------
35
132.539 92.8047
127.016 92.2823
100.393 78.4353
92.7135 75.0779
88.3249 74.1134
83.7524 75.411
81.6191 76.111
77.0413 74.3979
73.6338 76.25
63.7668 68.3816
61.0916 67.8491
57.5938 68.6376
55.6949 68.7774
54.6092 69.8966
52.8394 70.1202
49.3276 70.4471
48.4261 71.7947
46.1309 71.0354
43.2632 72.0021
41.65 72.1399
40.2877 72.6809
38.9661 73.2847
36.0779 73.9708
35.0351 75.1329
34.2066 76.8292
31.9914 79.1815
31.3572 81.6883
30.6792 84.2904
30.3104 88.0278
27.3368 89.4145
26.2131 91.416
25.0537 93.5016
23.9987 96.2533
18.1459 93.3527
16.4098 93.0643
---------------------------
31
138.381 89.8654
129.754 90.8545
124.993 90.8128
121.952 91.8972
93.2575 75.5184
89.5506 75.1419
86.4142 75.1188
81.1071 75.6336
76.8255 74.1895
74.0341 74.0341
61.6527 66.1144
59.4188 65.9913
57.1427 65.7352
54.3733 67.1454
52.2697 66.9021
50.5525 67.0854
48.5819 69.3822
46.1893 68.4785
44.6604 68.771
41.8726 69.6877
40.55 70.2347
39.2696 70.8442
37.7925 71.0773
35.5081 72.8023
34.6124 74.2266
34.0439 76.4638
33.2512 78.335
31.4289 81.875
30.6792 84.2904
30.636 88.9733
30.3146 93.2986
---------------------------
26
158.742 91.65
147.347 88.535
139.723 90.7369
134.138 90.4774
132.375 92.69
132.841 96.5143
92.4519 80.3672
87.5425 78.8236
78.1353 78.1353
70.5773 73.0849
61.5845 66.0412
57.602 66.2635
55.1512 65.7266
52.8238 67.6113
50.9135 67.5646
48.4923 66.7439
46.9186 67.0066
44.2247 68.1
43.1884 69.1159
41.6151 69.2591
39.3181 70.9317
37.8394 71.1656
36.9094 72.4388
36.7355 75.3189
34.8573 78.2908
34.0517 84.281
