---------------------------
38
-1.28101 73.3888
131.368 58.4887
127.269 62.0734
88.2491 48.9173
81.493 47.05
77.9014 54.5471
76.4521 55.5457
73.6002 57.5028
70.9534 57.457
68.4078 57.4009
64.2077 57.8129
62.5307 58.3109
60.2087 58.1429
57.2398 59.2736
54.0825 57.9964
52.9282 58.7828
49.6875 59.2152
48.2059 59.5294
46.7287 59.81
43.9927 58.3803
41.5843 59.3885
39.8705 59.1104
38.1792 58.7908
33.426 55.6302
31.45 54.473
28.5908 53.7715
27.1032 53.1931
26.1708 53.658
23.4829 55.3223
22.4389 55.5383
21.3946 55.7348
19.7153 60.6774
19.7997 73.8933
18.6038 74.6157
14.1008 72.5423
12.85 72.8758
5.11315 73.1214
3.82052 72.9
---------------------------
48
-1.14662 65.69
-2.26498 64.8605
-3.45417 65.9095
168.957 61.4952
127.789 59.5892
64.5492 45.1978
62.2134 45.2007
59.099 44.5343
55.7214 45.1223
53.9295 45.2523
51.1693 44.4808
49.5126 46.1713
46.901 45.2917
45.6791 45.6791
43.3751 46.5141
42.356 47.0411
40.5444 46.6411
38.2627 47.2505
36.755 47.0442
35.6876 47.3591
33.3248 47.5927
32.2654 47.8355
31.2078 48.0558
29.2027 48.6014
28 48.4974
26.9069 48.5414
25.8679 48.6504
24.1542 49.5236
23.1172 49.575
22.1265 49.6969
20.3037 50.2534
19.4952 50.7868
18.6743 51.3072
16.9032 52.0228
16.1974 52.9793
16.0421 55.9454
14.8821 55.5407
14.4911 58.1207
14.7343 63.8212
13.7222 64.5577
11.9123 67.5578
10.6845 67.4591
9.42202 67.0411
8.019 65.3095
6.89888 65.6384
4.52719 64.7419
3.35473 64.0122
2.25451 64.5606
---------------------------
42
-0 65.2
130.911 58.2854
58.234 45.4974
55.7214 45.1223
52.6787 45.7929
50.088 45.0994
48.2693 45.0119
46.1034 46.1034
44.6665 46.2536
42.8295 45.929
40.7413 46.8675
39.0815 46.5755
37.6963 46.551
36.5087 46.729
34.2679 47.1657
33.2101 47.4289
32.1536 47.6697
29.9404 47.9147
28.7391 47.8299
27.75 48.0644
25.8679 48.6504
24.8787 48.8272
23.9351 49.0742
22.2078 49.8796
21.2558 50.0755
20.3786 50.4388
19.5669 50.9735
17.8737 51.909
16.9032 52.0228
16.4313 53.7443
15.6286 54.5035
15.2962 57.0862
13.7895 59.7289
13.2232 62.2102
12.3453 63.5113
11.756 66.6715
9.54727 67.9324
6.9825 66.4341
5.73485 65.5496
4.56905 65.3404
2.258 64.6606
1.13266 64.8901
---------------------------
41
86.8863 56.4246
78.8024 55.1781
53.2401 44.6737
52.2259 45.3993
49.6421 44.6979
47.6922 46.0559
45.8912 45.8912
44.6665 46.2536
42.0214 46.6695
40.7413 46.8675
38.8244 46.2691
37.186 47.5959
35.5673 47.1994
34.3854 47.3275
32.7128 48.4987
31.0989 47.8881
30.1524 48.2539
27.9 48.3242
27.0524 48.8038
25.8679 48.6504
25.0149 49.0945
23.2017 49.7563
22.2078 49.8796
21.4511 50.5357
19.6744 51.2536
18.8453 51.7771
17.9388 52.0981
17.3668 53.4494
16.6944 54.605
15.2186 56.7964
14.346 57.5385
13.857 60.0212
13.3271 62.6993
11.2698 63.914
10.6375 67.1628
9.75603 69.4178
8.36024 68.0887
7.24382 68.9204
4.83412 69.1312
3.62688 69.205
2.42551 69.4577
---------------------------
38
78.8024 55.1781
76.7757 55.7808
55.7214 45.1223
53.2401 44.6737
50.9797 45.9024
49.2932 45.9667
47.6922 46.0559
45.2917 46.901
43.7161 46.8798
42.2221 46.8924
40.2385 47.9544
38.5773 47.639
37.0628 47.4382
35.0908 48.2983
33.6689 48.0842
32.4891 48.1671
31.3167 48.2236
29.3057 48.7728
28.3 49.017
27.3433 49.3286
25.3327 49.7182
24.2858 49.7932
23.3708 50.1188
22.5739 50.7018
20.6408 51.0878
19.9969 52.0938
19.3241 53.0926
17.5213 53.9249
16.8698 55.1788
16.1799 56.4261
15.4515 57.6658
13.632 59.0468
13.1608 61.9167
12.4407 64.0021
11.5476 65.4897
11.1068 70.1259
8.59179 69.9745
6.27521 71.726
---------------------------
39
130.911 58.2854
78.7205 55.1207
77.2611 56.1335
58.3128 45.5589
54.619 45.8308
52.9051 45.9897
51.2027 46.1031
48.6993 47.0284
46.8812 46.8812
45.6391 47.2606
43.0251 47.7842
41.6597 47.9241
40.817 48.6438
37.9247 48.5415
36.3496 48.2376
34.8557 47.9747
33.8984 48.4119
32.1882 49.5654
30.5763 48.9324
29.6147 49.2871
28.55 49.4501
26.4312 49.7099
25.6051 50.2528
23.5821 50.572
22.6959 50.9758
21.9982 51.8244
20.978 51.9223
20.3195 52.934
18.5899 53.9891
17.8303 54.876
16.9868 55.5613
15.348 57.2794
14.4427 57.9267
14.2844 61.8725
13.4311 63.1883
12.6506 65.0819
10.5437 66.5702
10.2988 73.2798
7.56786 72.0034
---------------------------
37
128.514 59.9273
84.7276 57.1495
77.8274 56.5449
55.1552 46.2807
53.1316 46.1866
50.6097 47.1943
48.9151 47.2368
47.0226 47.0226
44.8073 48.0499
42.8913 47.6356
41.9878 48.3014
39.3955 48.6493
38.0479 48.6991
36.2293 48.0779
34.2425 48.9034
32.9365 48.8303
31.7525 48.8945
29.8207 49.63
28.85 49.9697
27.6826 49.9408
25.7413 50.5201
24.8556 50.9616
23.8357 51.1158
22.7773 51.1585
21.1278 52.2932
20.3195 52.934
20.0082 54.972
18.8504 54.7455
17.1622 56.1351
16.235 56.6183
15.6844 58.5351
15.0717 60.4494
13.3687 62.8949
12.6506 65.0819
11.5997 65.7852
10.9817 69.3357
7.74556 73.6941
---------------------------
34
130.055 60.6457
79.2939 55.5222
56.3809 47.3092
54.1127 47.0394
51.4256 46.3038
49.059 47.3757
47.8711 47.8711
45.8475 47.4764
44.6709 47.9037
42.1846 48.5278
40.6885 48.4906
39.2067 48.4162
37.1922 49.3557
35.6198 49.0264
34.2425 48.9034
32.0792 49.3977
31.0003 49.6108
29.9237 49.8014
27.9735 50.4656
26.9946 50.7695
26.0137 51.0547
24.9433 51.1414
22.8586 51.3413
22.1545 52.1926
21.3151 52.7568
19.6662 54.0323
18.7853 54.5564
18.1393 55.827
16.2902 56.8106
15.6327 58.3419
14.9024 59.7702
14.3519 62.1648
13.5558 63.7752
11.7039 66.376
---------------------------
34
89.9055 58.3853
84.2088 58.9637
77.7465 56.4862
57.2757 46.3809
55.1552 46.2807
52.3174 47.1068
50.8291 47.3989
48.6993 47.0284
46.4032 48.0519
44.8073 48.0499
43.6273 48.453
41.3312 49.2567
39.9618 49.3488
38.3557 49.0931
37.0116 49.1161
34.3572 49.0672
33.3838 49.4935
31.3182 50.1196
30.1297 50.1443
28.95 50.1429
28.0705 50.6405
26.1045 51.2329
25.031 51.3211
24.1315 51.7502
22.2326 52.3767
21.5399 53.3131
20.6062 53.6809
19.7346 54.2203
17.9539 55.2564
17.2207 56.3264
16.5107 57.5796
16.1244 60.1772
15.3137 61.4197
13.4935 63.4818
---------------------------
34
130.146 60.688
79.7035 55.809
55.6914 46.7307
54.1127 47.0394
52.5403 47.3075
49.5625 47.862
48.0833 48.0833
46.4032 48.0519
43.9619 48.8246
42.3814 48.7542
41.0098 48.8736
39.3955 48.6493
37.3125 49.5154
36.1488 49.7545
34.4719 49.231
32.5149 50.0686
31.4242 50.2893
29.25 50.6625
28.1674 50.8154
27.1824 51.1227
26.1953 51.4111
24.3851 52.294
23.3874 52.5289
22.3889 52.7449
20.5345 53.4942
19.803 54.4082
18.9806 55.1237
18.3247 56.3977
16.4555 57.3873
15.7362 58.7283
15.2653 61.2257
14.4194 62.4571
13.7222 64.5577
12.1727 69.035
---------------------------
35
122.865 59.9253
78.3128 56.8976
76.8287 57.8946
55.9212 46.9235
53.8863 46.8426
51.2679 47.8081
49.5625 47.862
48.0833 48.0833
45.3529 48.635
44.0288 48.8989
42.3814 48.7542
40.4653 49.9705
38.6635 49.4871
37.3727 49.5953
35.447 50.6236
33.7753 50.0739
32.5149 50.0686
30.5418 50.83
29.15 50.4893
28.1674 50.8154
27.1824 51.1227
25.3817 52.0402
24.3851 52.294
23.4687 52.7116
21.6897 53.6839
20.7495 54.0543
19.9398 54.7841
19.1109 55.5019
17.4546 57.0914
16.5658 57.7718
15.9433 59.501
15.3137 61.4197
14.5993 63.2366
12.5934 64.7874
11.3259 71.5086
---------------------------
34
129.24 60.2654
77.8274 56.5449
56.4575 47.3734
53.2835 47.9767
51.7067 48.2173
49.7783 48.0704
47.4452 49.1309
45.5575 48.8544
43.6273 48.453
41.9097 49.9461
40.4653 49.9705
38.8482 49.7235
36.9717 50.8872
35.447 50.6236
33.9989 50.4055
31.7422 50.7981
30.5418 50.83
29.55 51.1821
27.3702 51.4758
26.4676 51.9457
25.4694 52.2199
24.4696 52.4752
22.5452 53.1131
21.6897 53.6839
20.8929 54.4277
20.0766 55.16
18.3247 56.3977
17.5131 57.2827
16.7863 58.5408
16.2021 60.467
14.4868 62.7494
13.6182 64.0687
13.0323 67.0451
12.2769 69.6259
---------------------------
32
54.1127 47.0394
53.2835 47.9767
51.4873 48.0127
49.3561 49.3561
47.4452 49.1309
45.9667 49.2932
44.1626 49.0476
41.9097 49.9461
40.4653 49.9705
39.1561 50.1175
36.9129 50.8063
35.6191 50.8693
34.0548 50.4884
31.8481 50.9677
30.8508 51.3443
29.65 51.3553
27.8397 52.3588
26.4676 51.9457
25.557 52.3997
24.5541 52.6565
22.7015 53.4813
21.7646 53.8694
21.0362 54.8012
19.176 55.691
18.4483 56.7781
17.7177 57.9521
16.7036 58.2525
15.3137 61.4197
14.5543 63.0417
13.7222 64.5577
12.8796 66.2598
12.329 69.9213
---------------------------
35
129.965 60.6035
125.651 61.2843
120.197 61.2433
84.7003 59.3078
77.7871 58.6168
55.6221 48.3516
53.2835 47.9767
50.8573 49.1123
49.3561 49.3561
47.4452 49.1309
44.8987 49.865
43.4311 49.9618
41.7169 49.7163
39.587 50.6691
38.2153 50.7134
36.9129 50.8063
34.7259 51.4832
33.1141 50.9912
31.7422 50.7981
30.9538 51.5158
28.9431 52.2148
27.7458 52.1822
26.6492 52.3021
24.8922 53.3815
23.8754 53.6251
22.7796 53.6654
20.8929 54.4277
19.9398 54.7841
19.176 55.691
18.5719 57.1585
16.7863 58.5408
16.1244 60.1772
15.3862 61.7108
14.6668 63.5289
12.8605 66.1617
---------------------------
32
79.7691 57.9556
55.3202 48.0891
52.6575 49.1039
50.4257 48.6956
48.7197 48.7197
46.5805 49.9515
44.6979 49.6421
43.2999 49.8108
41.0317 50.6699
39.6486 50.7479
38.2754 50.7932
36.9129 50.8063
34.5581 51.2345
33.2774 51.2428
32.0071 51.2221
29.65 51.3553
28.7492 51.8649
27.7927 52.2705
25.7324 52.7592
24.8922 53.3815
23.7127 53.2597
23.1704 54.5859
21.0362 54.8012
20.2818 55.7238
19.4364 56.4475
18.5101 56.9683
16.8966 58.9253
16.2538 60.6601
15.5072 62.196
14.6668 63.5289
13.0323 67.0451
11.3728 71.8049
---------------------------
34
126.73 61.8103
78.7174 57.1915
56.6873 47.5663
54.7698 49.3149
51.9261 48.4219
50.4257 48.6956
47.862 49.5625
46.5805 49.9515
44.6979 49.6421
42.2311 50.3291
40.8429 50.4368
39.7717 50.9055
37.3244 51.3726
35.9059 51.2789
34.5581 51.2345
32.2191 51.5613
31.3143 52.1158
29.85 51.7017
28.9431 52.2148
26.9216 52.8367
25.9954 53.2985
25.0613 53.7441
23.0922 54.4018
21.9145 54.2403
21.1795 55.1746
20.2818 55.7238
18.4483 56.7781
17.6008 57.5695
17.0344 59.406
16.3832 61.1431
14.5318 62.9443
13.7845 64.8512
13.3757 68.8121
12.4506 70.6107
---------------------------
33
129.33 60.3076
78.2663 58.9779
55.8485 48.5484
53.8037 48.4451
51.0731 49.3207
49.7803 49.7803
48.0704 49.7783
45.434 50.4595
43.8247 50.4146
42.6168 50.7887
40.8429 50.4368
38.6967 51.3523
37.3244 51.3726
36.078 51.5247
33.6587 51.8298
31.9011 51.0525
31.2113 51.9443
30.2 52.3079
28.0275 52.712
26.74 52.4803
25.9954 53.2985
24.1195 54.1732
23.0922 54.4018
22.2142 54.982
20.2134 55.5358
19.5015 56.6366
18.7264 57.634
17.8639 58.4302
16.1244 60.1772
15.5072 62.196
14.6668 63.5289
14.138 66.514
12.329 69.9213
---------------------------
36
126.55 61.7227
101.851 63.6433
92.9247 60.346
78.7455 59.339
76.831 60.027
55.8485 48.5484
52.95 49.3767
51.3609 49.5986
50.4874 50.4874
48.6955 50.4257
46.5046 51.6486
44.4152 51.0938
42.7454 50.942
40.6337 52.0087
38.8773 51.5919
37.5007 51.6153
35.3969 52.4781
34.4757 53.0878
32.855 52.579
30.55 52.9142
29.5734 53.3518
28.45 53.5066
26.3899 54.1074
25.2303 54.1066
24.2822 54.5387
23.3266 54.9541
21.4662 55.9215
20.7948 57.1333
19.8922 57.7712
18.127 59.2909
17.3927 60.6556
16.6679 62.2056
15.7733 63.2633
15.0942 65.3802
13.3757 68.8121
11.5918 73.1877
---------------------------
36
94.3445 63.6362
87.3738 63.4808
80.1031 60.362
77.0929 62.4286
74.6127 62.6075
57.1478 51.4561
54.4127 50.7407
53.9505 52.0994
50.7101 52.5118
49.1039 52.6575
47.3075 52.5403
45.0594 53.6997
43.3602 53.5454
41.6803 53.3483
39.0877 53.7996
37.684 53.8183
36.1239 53.5558
34.0738 54.5295
32.8594 54.6873
31.65 54.8194
30.4945 55.0136
28.329 55.5988
27.2228 55.8151
26.1178 56.0098
24.069 56.7031
23.2631 57.5781
22.3622 58.2554
21.5131 59.1067
19.6226 60.3921
18.741 61.2991
17.8889 62.3859
17.1597 64.0409
15.2967 66.2572
14.6994 69.155
14.1199 72.6404
13.4751 76.4211
---------------------------
29
78.414 63.4984
75.532 63.3789
73.1998 65.9094
56.5336 52.7185
56.1085 54.1834
53.6276 55.533
51.1499 54.8515
48.7452 56.0749
46.0879 54.9254
45.0593 55.6437
42.9732 55.0032
40.4984 55.7413
38.8311 55.4566
37.6896 55.8771
34.8687 55.8016
33.5805 55.8873
32.45 56.2051
30.187 56.7735
28.9646 56.8462
28.0996 57.6127
26.8363 57.5505
24.8505 58.5441
23.8999 59.1543
23.0789 60.1226
21.1294 61.3642
20.3024 62.4844
19.3842 63.403
18.4953 64.5007
18.0915 67.5182
---------------------------
22
78.6728 66.0143
76.603 66.59
74.0915 66.7123
71.6727 66.8358
68.0237 68.0237
65.2979 67.6179
60.2262 69.2823
57.4652 68.4844
55.8837 69.0106
53.8088 68.8721
50.4908 69.4946
47.2627 67.4981
44.4425 68.4355
41.5457 66.487
40.173 66.859
37.4758 67.6081
34.7878 65.4264
34.0947 66.9146
32.2641 66.1512
30.0985 67.6024
28.4062 66.9207
27.3463 67.6844
---------------------------
24
79.5103 62.1202
78.0255 63.1838
74.4898 64.753
71.9364 64.7718
69.1861 64.517
66.1145 66.1145
48.8465 54.2496
47.8923 55.0938
46.7307 55.6914
46.318 57.1979
47.8369 61.2284
47.9633 66.0158
45.1978 64.5492
43.617 64.6649
40.5388 64.8757
37.7523 62.8304
36 62.3538
33.802 63.5722
32.4149 63.6179
31.6066 64.803
29.6104 66.5061
29.0704 68.4856
28.2036 73.4728
1.31068 75.0886
---------------------------
38
-0 76.5
-2.66981 76.4534
-3.87809 73.9984
78.0919 61.0121
75.694 61.2958
72.3912 60.7434
70.5653 61.3415
67.9428 63.3577
64.5967 62.3803
50.5017 52.296
49.3767 52.95
48.6458 54.0266
46.5378 55.4616
50.2995 64.3805
48.085 63.811
44.5669 63.6481
43.1697 64.0017
38.2673 63.6875
33.55 58.1103
31.3187 56.5004
28.9646 56.8462
27.8804 57.1633
24.1247 59.7106
22.9714 59.8425
21.8551 60.0464
21.4875 62.4042
20.4953 67.037
19.4876 67.9612
20.0067 74.6661
18.7006 75.0039
14.387 74.0147
12.9715 73.5651
10.0205 71.2993
9.20114 74.9372
7.73511 73.5946
6.36237 72.7222
3.82052 72.9
2.50229 71.6563
---------------------------
44
-2.40458 68.858
-3.65828 69.8042
80.1736 58.2495
75.8066 59.2266
72.2746 58.5268
69.3578 60.2918
52.3174 47.1068
49.2932 45.9667
46.8812 46.8812
45.5001 47.1168
43.8281 48.676
43.1031 49.5844
41.7169 49.7163
40.3394 49.8151
38.3958 50.9529
36.5015 50.24
35.1602 50.214
33.1141 50.9912
31.8481 50.9677
30.6448 51.0015
29.75 51.5285
27.4641 51.6524
26.4676 51.9457
25.3817 52.0402
23.5501 52.8943
22.7015 53.4813
21.6148 53.4985
19.803 54.4082
18.9155 54.9346
18.3247 56.3977
17.2792 56.5176
16.6485 58.0602
15.2653 61.2257
14.4194 62.4571
14.034 66.025
13.204 67.9286
11.2633 71.1136
10.0761 71.6954
8.54304 69.5775
7.23337 68.8209
4.78529 68.4329
3.55885 67.9068
2.35921 67.5588
1.18676 67.9896
---------------------------
43
-1.22516 70.1893
126.968 64.6936
93.1009 62.7974
78.0919 61.0121
75.694 61.2958
53.5844 46.5802
51.8715 46.7053
49.3467 47.6536
47.2347 47.2347
46.1948 47.8361
44.6709 47.9037
42.5782 48.9807
40.8813 48.7204
38.9714 49.8811
37.794 50.1543
36.1488 49.7545
35.0455 50.0502
33.0051 50.8234
31.9011 51.0525
30.7478 51.1729
28.7492 51.8649
27.8397 52.3588
26.6492 52.3021
24.6386 52.8377
23.7941 53.4424
22.7796 53.6654
22.0643 54.6111
20.2818 55.7238
19.3062 56.0693
18.4483 56.7781
17.8054 58.239
16.0727 59.984
15.3862 61.7108
14.5993 63.2366
13.8885 65.3403
11.2164 70.8173
10.3962 73.973
8.73803 71.1656
7.59922 72.3017
5.0713 72.5229
3.80482 72.6004
2.49182 71.3565
1.25832 72.089
---------------------------
38
93.2195 65.273
79.1163 61.8124
77.0929 62.4286
74.9958 62.9289
70.2272 63.2328
52.4381 48.8993
49.7803 49.7803
48.2788 49.9941
46.3759 49.7321
44.0216 50.641
42.2954 50.4057
41.0317 50.6699
39.0578 51.8314
37.6183 51.7771
36.4795 52.0981
34.0944 52.5008
33.014 52.8334
31.8294 52.9729
29.7188 53.6142
28.5908 53.7715
27.5118 53.995
26.4776 54.2872
24.4855 54.9954
23.4048 55.1382
22.6262 56.0019
21.8246 56.855
19.9573 57.9603
19.19 59.0606
18.3609 60.0559
17.5857 61.3285
15.7007 62.9722
15.0942 65.3802
14.5746 68.5681
13.5474 69.6955
11.4823 72.4963
10.7581 76.5477
9.35957 76.2275
7.93371 75.4842
---------------------------
35
123.846 68.649
95.1036 66.5922
78.414 63.4984
76.8343 64.4716
73.1998 65.9094
69.1129 64.4488
51.8309 51.8309
49.5986 51.3609
46.7053 51.8715
45.5961 52.4523
43.9024 52.3208
42.0386 51.9134
39.7198 52.7099
38.7938 53.3951
37.3972 53.4087
35.1837 54.1781
33.9678 54.3599
32.8594 54.6873
30.6884 55.3634
29.2481 55.0076
28.2836 55.5097
27.2228 55.8151
25.177 56.5485
24.2644 57.1633
23.2631 57.5781
21.3079 58.5429
20.6085 59.8513
19.7153 60.6774
18.9749 62.0642
17.0303 63.5579
16.1604 64.8158
15.6341 67.7187
14.8241 69.7419
14.0626 72.3459
12.108 76.4471
---------------------------
31
95.1036 66.5922
79.4243 64.3165
76.1502 66.1964
73.6457 66.3108
50.7101 52.5118
47.9767 53.2835
46.3834 53.358
44.6095 53.1635
42.2344 54.0575
40.7429 54.0676
39.2641 54.0423
38.0281 54.3098
35.6739 54.9329
34.3918 55.0383
33.426 55.6302
31.0763 56.0631
29.8114 56.0672
28.8284 56.5789
26.6672 57.188
25.8685 58.1015
24.6551 58.0839
23.6377 58.5053
21.8209 59.9524
20.7712 60.3241
20.0552 61.7236
19.2381 62.9249
17.2891 64.5238
16.5958 66.5623
15.859 68.6931
15.1776 71.4048
14.8831 76.5669
---------------------------
31
95.1036 66.5922
78.958 63.939
76.603 66.59
74.0915 66.7123
69.9905 65.2672
51.1963 53.0153
48.1774 53.5064
46.777 53.8108
45.0594 53.6997
42.7269 54.6879
42.0067 55.7448
39.7931 54.7704
37.3541 55.3797
36.2185 55.7716
34.9747 55.9712
33.5805 55.8873
31.4641 56.7628
30.4687 57.3033
28.9646 56.8462
27.9681 57.3431
25.9498 58.2842
24.9286 58.7282
24.0872 59.6179
22.1971 60.9861
21.227 61.6478
20.3333 62.5795
19.472 63.6899
17.4444 65.1034
16.8861 67.7266
16.0615 69.57
15.3231 72.0895
---------------------------
28
79.3466 64.2536
77.8301 65.3072
51.4742 53.3031
49.5813 53.1694
47.0394 54.1127
45.4451 54.1593
44.1154 54.4779
41.4651 55.026
39.9694 55.0132
38.8311 55.4566
36.2185 55.7716
35.1336 56.2256
33.838 56.3159
32.6 56.4649
30.4687 57.3033
29.464 57.8263
28.4503 58.3317
26.0718 58.5583
24.9286 58.7282
24.312 60.1742
22.1971 60.9861
21.227 61.6478
20.3333 62.5795
19.7936 64.7418
17.5997 65.683
17.1039 68.5999
16.129 69.8623
15.6973 73.8501
---------------------------
31
95.1036 66.5922
79.3466 64.2536
76.6785 66.6556
74.4631 67.0469
70.0637 65.3354
67.2458 67.2459
51.4047 53.2311
49.0473 54.4725
47.2362 54.3391
45.895 54.6956
44.1154 54.4779
41.766 55.4253
40.1457 55.2559
38.8311 55.4566
36.5453 56.2748
35.1336 56.2256
33.9925 56.573
31.9005 57.55
30.7504 57.8331
29.3732 57.6481
27.3011 58.5475
26.3972 59.2891
25.3584 59.7408
24.1996 59.8961
22.4023 61.5499
21.3898 62.1206
20.5805 63.3404
19.8813 65.0287
17.9879 67.1318
17.1765 68.891
16.4214 71.129
---------------------------
29
95.677 66.9937
79.8129 64.6312
76.603 66.59
74.5374 67.1138
70.7219 65.9492
67.2458 67.2459
50.5361 54.1933
48.6458 54.0266
47.0394 54.1127
45.8308 54.619
43.5273 55.7124
41.4651 55.026
40.1457 55.2559
37.6896 55.8771
36.8721 56.778
35.3986 56.6496
34.147 56.8302
31.852 57.4625
30.7504 57.8331
29.6002 58.0936
27.4279 58.8194
26.3972 59.2891
25.5929 60.2931
24.4243 60.4524
22.2997 61.268
21.3898 62.1206
20.8277 64.1012
20.0567 65.6025
17.2732 69.2791
---------------------------
28
78.6728 66.0143
76.9804 66.918
74.5374 67.1138
51.4742 53.3031
48.6458 54.0266
47.2362 54.3391
45.6379 54.3892
43.3426 55.476
41.8261 55.5052
40.4984 55.7413
37.8014 56.0429
37.3078 57.4489
35.3986 56.6496
34.3015 57.0873
31.9005 57.55
30.7504 57.8331
29.6002 58.0936
27.5547 59.0913
26.2752 59.015
25.3584 59.7408
23.3656 60.8694
22.2997 61.268
21.4875 62.4042
20.735 63.8159
18.826 65.6542
18.2985 68.291
17.2732 69.2791
16.6464 72.1034
---------------------------
29
123.934 68.6975
78.2131 65.6286
76.603 66.59
74.6117 67.1807
50.0587 53.6814
48.4451 53.8037
47.2362 54.3391
44.6817 55.1774
43.4041 55.5548
42.0067 55.7448
40.4984 55.7413
37.8574 56.1258
36.7087 56.5264
35.2396 56.3952
33.15 57.4175
31.9974 57.7249
30.7504 57.8331
29.6002 58.0936
27.4279 58.8194
26.3972 59.2891
25.3584 59.7408
23.3656 60.8694
22.4023 61.5499
21.4875 62.4042
20.9204 64.3865
19.1292 66.7116
18.2467 68.0978
17.3458 69.5702
16.3764 70.9341
---------------------------
32
126.526 67.2753
123.234 68.3097
95.3022 69.2411
78.2897 65.6929
76.603 66.59
74.5374 67.1138
70.7111 68.2849
50.4679 54.1202
48.7127 54.1009
47.2362 54.3391
44.6817 55.1774
43.5273 55.7124
42.0067 55.7448
39.6915 56.6853
38.1929 56.6233
36.7087 56.5264
35.3986 56.6496
33.25 57.5907
31.9974 57.7249
31.126 58.5394
29.8726 58.6282
27.4702 58.91
26.5192 59.5632
25.4757 60.0169
23.4731 61.1495
22.5049 61.8318
21.4224 62.2151
19.7059 64.4549
19.1568 66.8077
18.3762 68.5807
17.5151 70.2494
16.5789 71.8111
---------------------------
29
131.958 67.236
126.703 67.3692
123.321 68.3582
79.1324 66.4
76.6785 66.6556
51.7637 55.5097
49.4488 54.9184
47.8923 55.0938
45.1223 55.7214
43.3426 55.476
42.0669 55.8246
40.0356 57.1768
38.3606 56.872
37.3622 57.5328
35.0226 58.2874
33.85 58.6299
32.1429 57.9873
30.0996 59.0737
29.064 59.59
28.0196 60.0882
26.7226 60.0199
24.724 61.1941
23.7598 61.8964
22.5733 62.0197
20.8277 64.1012
20.2906 66.3676
19.4324 67.769
18.4797 68.9671
17.6119 70.6375
---------------------------
28
79.6686 66.8499
77.5087 67.3773
74.2324 69.2228
70.5672 68.146
68.0237 68.0237
52.7185 56.5336
50.5194 56.1074
47.5663 56.6873
45.8145 56.5762
44.3276 56.7368
42.1442 58.0065
40.7239 58.1598
39.1994 58.1155
37.1473 59.4482
35.7951 59.5731
34.3 59.4093
33.2095 59.9114
31.0076 60.8557
29.8092 61.118
28.3577 60.8133
27.292 61.2989
25.2485 62.4922
23.8673 62.1765
23.36 64.181
22.7247 65.9972
20.7584 67.8976
19.9561 69.5953
18.8938 70.5126
---------------------------
27
77.8073 70.058
74.6712 69.632
73.0849 70.5773
68.4933 70.9269
65.6082 70.3562
51.7238 57.4451
49.1733 58.6024
47.7654 58.9854
44.5343 59.099
42.732 58.8155
41.2975 58.9789
40.2619 59.6907
37.9952 60.805
36.7737 61.2017
35.7 61.8342
33.1916 62.4244
32.0971 62.9942
30.4668 62.4662
29.372 62.9884
27.1167 63.883
26.0352 64.4393
25.3366 66.0041
24.0098 65.9664
22.2801 68.5712
21.4308 70.0971
20.3972 71.1334
19.9032 74.2797
---------------------------
22
127.706 89.4206
79.2935 71.3962
77.9623 72.701
74.3797 71.8277
70.9246 73.4446
67.6542 72.5503
65.9094 73.1998
61.3862 73.1572
59.4078 73.3626
42.4427 62.924
39.055 62.5011
37.9068 63.0875
36.65 63.4797
34.1306 64.1903
32.6873 64.1525
31.4312 64.4435
27.2339 67.4063
25.91 67.4979
25.7883 70.8528
22.8982 70.4733
22.5711 73.8267
21.61 75.3629
