---------------------------
21
83.0181 72.1665
76.4996 71.337
73.3007 70.7857
70.2157 70.2157
59.6067 63.9203
56.0062 62.2012
51.1016 60.9005
48.8982 60.3842
46.2362 59.1796
43.261 59.5437
42.0432 60.0438
40.7652 60.4368
38.8431 62.1619
37.9583 63.1732
37.5 64.9519
36.9425 66.646
35.2751 69.2312
34.6752 71.0946
34.5279 74.0453
34.776 78.1081
34.3062 80.8203
---------------------------
20
82.9426 72.1009
76.8412 69.1881
73.013 70.5078
69.4379 69.4379
60.6437 62.7984
56.0062 62.2012
51.0414 58.7164
47.9542 59.2185
45.4974 58.234
44.113 58.54
41.699 59.5524
40.8211 60.5197
39.7042 61.1391
39.214 62.7556
38.4733 64.0304
36.894 66.5586
36.4779 68.605
36.1376 70.9241
35.0351 75.1329
34.9794 78.5649
